,lat,lon,alt,time
0,59.526356,10.059168,15190.667,0.0
1,59.515694,10.0500145,15139.016,1.0002799
2,59.522247,10.057837,15069.83,2.1961358
3,59.520702,10.060699,15053.979,3.5041852
4,59.523983,10.0638895,15007.791,4.803324
5,59.52317,10.065356,14966.273,5.9389973
6,59.523964,10.067549,14911.922,7.0231333
7,59.523327,10.07018,14892.1,8.220116
8,59.52698,10.07146,14838.962,9.349215
9,59.52938,10.073644,14812.77,10.647097
10,59.53139,10.074771,14795.795,11.868067
11,59.531494,10.075385,14752.252,12.86667
12,59.529266,10.081309,14731.9,14.148385
13,59.53397,10.083207,14681.359,15.303363
14,59.535606,10.085027,14659.13,16.708044
15,59.53633,10.086083,14580.084,17.762318
16,59.53855,10.093101,14550.859,18.804361
17,59.537422,10.096841,14507.765,19.972328
18,59.538673,10.098555,14448.736,21.178999
19,59.54024,10.100346,14435.121,22.609707
20,59.539883,10.101126,14389.051,23.243254
21,59.54411,10.1027,14347.498,24.664122
22,59.544525,10.10413,14325.936,25.978495
23,59.54883,10.107824,14241.444,27.292215
24,59.549244,10.112104,14238.271,28.09965
25,59.54759,10.115526,14161.583,29.248146
26,59.547764,10.115165,14123.568,30.6989
27,59.55188,10.119441,14116.466,32.17607
28,59.553795,10.120319,14037.185,32.626595
29,59.554256,10.125479,14004.066,33.969658
30,59.55735,10.125845,13970.752,35.158703
31,59.556885,10.127646,13954.499,36.596004
32,59.559216,10.13047,13893.186,37.61633
33,59.56103,10.131876,13870.236,38.916183
34,59.561634,10.133773,13837.321,39.94841
35,59.562267,10.140221,13787.851,41.074974
36,59.56609,10.140971,13717.3955,42.612488
37,59.56664,10.14257,13696.091,44.016758
38,59.566048,10.143718,13647.498,44.23019
39,59.5681,10.148307,13624.211,45.451416
40,59.570854,10.146414,13579.843,47.286777
41,59.572857,10.147485,13576.037,48.790306
42,59.575375,10.152081,13534.241,49.048203
43,59.574123,10.1543,13479.251,50.28588
44,59.57573,10.158372,13462.392,52.402534
45,59.576176,10.162759,13433.11,52.917446
46,59.576153,10.164002,13356.415,54.48249
47,59.578415,10.163596,13370.805,55.04411
48,59.57913,10.162679,13318.085,57.342667
49,59.581913,10.166568,13282.018,57.472256
50,59.58322,10.170649,13263.637,58.994232
51,59.583763,10.1745,13209.652,60.187393
52,59.58323,10.17644,13192.436,61.525043
53,59.58653,10.178045,13172.067,62.681965
54,59.587685,10.179634,13125.501,63.924442
55,59.58946,10.181497,13089.124,65.35139
56,59.589626,10.186331,13074.288,66.116264
57,59.591015,10.186712,13034.19,67.254944
58,59.592297,10.193762,12996.586,68.8069
59,59.594833,10.189218,12981.408,70.01529
60,59.59497,10.189993,12935.196,71.07096
61,59.595768,10.195447,12933.458,72.203606
62,59.59835,10.19892,12887.411,73.82114
63,59.60038,10.201838,12862.104,74.47798
64,59.599197,10.203097,12818.814,75.81716
65,59.59803,10.2077,12777.283,77.44235
66,59.602043,10.208766,12757.76,78.026054
67,59.60368,10.213251,12733.616,79.9661
68,59.605377,10.214237,12694.125,80.14732
69,59.60623,10.211256,12665.239,82.310524
70,59.608177,10.214059,12644.777,82.77058
71,59.607365,10.217871,12590.076,83.991135
72,59.6083,10.223869,12572.025,85.97949
73,59.612534,10.227153,12517.169,86.66164
74,59.613205,10.225632,12498.023,87.6612
75,59.611805,10.226352,12458.917,89.092125
76,59.615227,10.230308,12437.276,89.02889
77,59.616898,10.22875,12368.946,91.121956
78,59.617775,10.233024,12356.674,91.3904
79,59.617,10.230568,12336.801,92.84208
80,59.61718,10.2388,12342.131,95.60165
81,59.623825,10.243061,12275.633,94.12636
82,59.62446,10.241086,12219.399,99.34434
83,59.62008,10.2435665,12219.522,99.71262
84,59.62297,10.246625,12153.172,98.74826
85,59.62516,10.254652,12136.937,100.54798
86,59.62588,10.254383,12068.921,101.4109
87,59.628574,10.256625,12067.479,104.171005
88,59.62989,10.260749,12034.367,103.18102
89,59.62965,10.258516,12022.846,106.158195
90,59.630676,10.266263,11965.137,106.23756
91,59.633175,10.264542,11918.318,106.29463
92,59.633125,10.269814,11892.078,109.59828
93,59.633656,10.270985,11825.956,109.858116
94,59.63586,10.27655,11829.681,112.85127
95,59.638172,10.2774,11781.909,113.048355
96,59.63938,10.278398,11751.891,113.33284
97,59.64,10.280579,11683.836,115.25961
98,59.639698,10.2804365,11697.045,117.06635
99,59.641796,10.290437,11613.118,119.23675
100,59.647522,10.287885,11580.569,116.66645
101,59.644516,10.289932,11569.984,121.83184
102,59.646225,10.295638,11519.023,121.59144
103,59.644245,10.299825,11498.433,120.694046
104,59.64721,10.305539,11425.599,124.34867
105,59.64961,10.303987,11401.232,123.29335
106,59.65019,10.30395,11371.784,127.41809
107,59.652496,10.308088,11327.907,126.041405
108,59.6526,10.310801,11265.022,129.2714
109,59.654343,10.317184,11259.142,129.66634
110,59.65632,10.316405,11205.721,128.81033
111,59.657288,10.321814,11149.622,133.13618
112,59.65947,10.317779,11166.607,133.78867
113,59.659954,10.321322,11116.475,134.88376
114,59.660053,10.323759,11066.424,134.54247
115,59.662567,10.3295965,11060.757,136.49413
116,59.66173,10.334921,11004.817,138.83147
117,59.665676,10.335952,10982.425,140.4006
118,59.664738,10.334673,10930.384,140.44989
119,59.666138,10.34272,10922.429,141.45444
120,59.6678,10.342176,10877.942,143.56097
121,59.668667,10.342366,10820.255,144.37979
122,59.670704,10.347609,10830.371,144.02522
123,59.672947,10.350933,10786.397,145.87727
124,59.6705,10.354891,10764.249,148.57684
125,59.674343,10.353757,10726.569,149.3501
126,59.674824,10.357278,10688.91,149.83347
127,59.676975,10.360953,10658.256,152.5046
128,59.67802,10.363088,10634.6455,151.90683
129,59.6781,10.364462,10597.76,153.89252
130,59.67842,10.368731,10581.998,153.89343
131,59.680183,10.369628,10551.513,155.06577
132,59.68187,10.372008,10523.542,156.38689
133,59.68232,10.375187,10506.117,158.90834
134,59.683285,10.378568,10475.847,160.53706
135,59.68435,10.376338,10458.549,160.39432
136,59.68505,10.382437,10418.771,162.44199
137,59.686306,10.383712,10403.647,161.97673
138,59.68765,10.386155,10369.047,165.73256
139,59.686928,10.390167,10354.59,166.41862
140,59.68968,10.38999,10340.605,165.82904
141,59.689064,10.393166,10308.295,168.06139
142,59.692467,10.395803,10294.258,169.08325
143,59.692703,10.397171,10244.334,170.94432
144,59.69346,10.399512,10220.479,169.72679
145,59.69405,10.405211,10224.475,172.6045
146,59.695114,10.409485,10182.71,174.2698
147,59.695885,10.410834,10155.064,174.48274
148,59.6992,10.41016,10144.148,175.38576
149,59.698627,10.413848,10101.057,176.24576
150,59.699615,10.416616,10074.64,178.36325
151,59.69994,10.419907,10071.869,179.21126
152,59.702076,10.421549,10042.387,180.5478
153,59.702732,10.423934,10017.061,181.92053
154,59.703674,10.423458,10008.529,183.22131
155,59.703957,10.427043,9967.802,185.2125
156,59.706272,10.431202,9967.671,185.38348
157,59.705853,10.434235,9927.511,187.21568
158,59.70682,10.434589,9910.943,186.93678
159,59.709057,10.440147,9884.003,189.8586
160,59.70943,10.442092,9850.024,190.20811
161,59.71069,10.445268,9830.835,190.32094
162,59.71156,10.448324,9814.297,193.44598
163,59.712807,10.451323,9796.22,193.40346
164,59.713646,10.4541025,9775.865,194.91187
165,59.715286,10.454999,9731.194,195.29376
166,59.715908,10.456502,9724.001,197.40463
167,59.717274,10.459125,9695.413,197.90247
168,59.71774,10.462746,9677.334,199.39764
169,59.71893,10.4649725,9657.999,201.18678
170,59.71993,10.467345,9638.278,200.82022
171,59.72132,10.46819,9607.21,203.41681
172,59.72175,10.471291,9585.745,204.86566
173,59.72234,10.474344,9578.14,205.40482
174,59.72443,10.475435,9539.825,206.22429
175,59.725468,10.478109,9545.067,209.07625
176,59.7268,10.483422,9493.4795,210.69385
177,59.72786,10.485227,9474.084,209.07973
178,59.727768,10.489924,9448.665,209.82368
179,59.729565,10.491897,9428.658,213.02957
180,59.730885,10.4920225,9412.079,215.01788
181,59.732445,10.495302,9382.248,213.45146
182,59.733913,10.495075,9337.799,215.82506
183,59.734264,10.499863,9338.35,217.78362
184,59.73638,10.503765,9303.437,218.01117
185,59.73706,10.50456,9277.797,220.08449
186,59.73767,10.507535,9243.204,220.22577
187,59.73867,10.510108,9218.948,222.10445
188,59.73968,10.511683,9199.669,223.31479
189,59.742146,10.51392,9172.648,224.23415
190,59.743042,10.517674,9170.875,226.63675
191,59.74426,10.519611,9126.211,225.91017
192,59.74463,10.522009,9102.218,228.01825
193,59.745747,10.523091,9075.8955,229.65195
194,59.748135,10.525891,9067.392,231.38754
195,59.74879,10.5284605,9012.514,230.73885
196,59.749683,10.530124,9016.004,230.48051
197,59.75143,10.534812,8975.965,236.57054
198,59.751984,10.536625,8960.617,234.75699
199,59.753517,10.53789,8906.588,236.43521
200,59.754337,10.541692,8902.763,235.86401
201,59.755913,10.541728,8861.712,237.51108
202,59.757565,10.544871,8855.615,241.73332
203,59.759,10.54711,8828.703,239.10014
204,59.76029,10.549569,8807.695,242.15465
205,59.761795,10.554309,8771.394,243.29514
206,59.761658,10.556109,8762.595,245.61266
207,59.763054,10.557471,8725.5,245.24089
208,59.76379,10.5589285,8709.434,246.46309
209,59.765343,10.562254,8685.514,248.20178
210,59.767895,10.564351,8655.648,246.9686
211,59.76869,10.56708,8639.993,251.13185
212,59.769936,10.569221,8593.249,250.7663
213,59.77068,10.572351,8598.707,251.76224
214,59.77295,10.574899,8545.065,252.82227
215,59.772945,10.576137,8536.186,255.78798
216,59.773834,10.57831,8500.232,256.05197
217,59.77507,10.582283,8495.067,256.68213
218,59.777336,10.584467,8462.092,258.3245
219,59.778187,10.588645,8448.84,259.41418
220,59.778908,10.588513,8408.551,262.59085
221,59.77856,10.590745,8395.661,261.2784
222,59.781277,10.593348,8368.801,261.84763
223,59.782764,10.595586,8351.511,263.89746
224,59.782368,10.59822,8326.675,266.5379
225,59.783344,10.60126,8275.961,267.3892
226,59.784252,10.604208,8261.641,267.30237
227,59.7852,10.606965,8237.502,271.02338
228,59.787548,10.608355,8193.964,269.45358
229,59.78835,10.612052,8189.977,271.84998
230,59.78935,10.614538,8151.8955,273.30408
231,59.789738,10.616773,8122.978,274.43387
232,59.791172,10.618388,8108.372,274.6681
233,59.7933,10.620171,8072.825,276.7251
234,59.79371,10.623718,8032.306,278.13834
235,59.794098,10.627685,8011.8726,278.65933
236,59.795525,10.6312,8003.9575,279.83606
237,59.797333,10.634006,7953.0376,281.94867
238,59.797836,10.635305,7930.229,282.71857
239,59.799046,10.636691,7904.552,283.0052
240,59.80012,10.640443,7872.129,285.27023
241,59.801228,10.643433,7837.324,286.44556
242,59.8022,10.645991,7808.171,288.14996
243,59.80305,10.645884,7779.3384,287.2686
244,59.80416,10.649742,7762.2617,290.48764
245,59.805046,10.652701,7730.3286,292.23206
246,59.8068,10.655984,7714.601,293.10986
247,59.806583,10.657217,7672.13,292.707
248,59.80848,10.660338,7656.4175,294.73178
249,59.809593,10.664559,7628.5396,297.53192
250,59.81094,10.6662035,7588.128,297.79092
251,59.811928,10.668094,7568.3867,298.9233
252,59.812767,10.669995,7548.834,299.5334
253,59.814415,10.673258,7507.6094,300.68805
254,59.814735,10.674435,7482.963,302.61334
255,59.816425,10.678763,7462.49,304.77063
256,59.816593,10.680662,7425.6406,304.0728
257,59.818108,10.685397,7381.121,304.65057
258,59.81964,10.687414,7375.373,306.7118
259,59.82276,10.691028,7333.1133,308.47406
260,59.822918,10.692094,7290.4766,309.6649
261,59.825264,10.695846,7275.756,309.09888
262,59.82487,10.69678,7247.944,310.59244
263,59.826923,10.7004175,7221.457,312.09433
264,59.828243,10.705048,7191.454,314.04892
265,59.829166,10.704755,7152.1777,312.9317
266,59.83085,10.709337,7139.6636,314.61426
267,59.83084,10.712765,7101.41,319.00702
268,59.832226,10.713492,7066.6133,319.15976
269,59.83383,10.71589,7030.3965,320.90308
270,59.834812,10.717977,7007.3096,318.65765
271,59.83572,10.721287,6968.9497,320.62967
272,59.837322,10.725226,6921.7847,320.886
273,59.839104,10.723723,6920.206,324.33047
274,59.839016,10.731177,6894.062,324.4565
275,59.84,10.731045,6853.89,326.51944
276,59.84239,10.734356,6819.275,330.09448
277,59.843494,10.734849,6778.6035,331.51083
278,59.84447,10.735146,6744.275,331.26633
279,59.84559,10.738865,6739.3276,330.35083
280,59.84682,10.742381,6680.8003,331.25717
281,59.849075,10.744659,6680.8384,334.73654
282,59.84838,10.745722,6643.1353,336.5634
283,59.850143,10.747644,6613.351,335.90408
284,59.852764,10.750745,6595.239,338.42114
285,59.85275,10.754134,6568.7295,339.45963
286,59.855377,10.756236,6534.2734,340.71402
287,59.85512,10.757753,6505.0493,341.87012
288,59.85644,10.758912,6482.201,342.10416
289,59.857765,10.761623,6456.421,345.59204
290,59.85884,10.76215,6452.166,345.8208
291,59.859634,10.763668,6388.1846,347.03046
292,59.86209,10.767386,6381.413,345.7908
293,59.861397,10.769917,6346.756,349.66235
294,59.863327,10.773767,6328.1104,352.33115
295,59.86526,10.774956,6320.5874,352.89453
296,59.866886,10.775473,6276.843,353.45792
297,59.867496,10.77897,6268.04,351.92413
298,59.867958,10.778466,6227.472,357.50342
299,59.87054,10.780675,6218.049,356.31378
300,59.870876,10.783095,6198.384,356.77243
301,59.871582,10.785036,6159.4263,353.2459
302,59.87236,10.78763,6166.395,361.74316
303,59.873997,10.789658,6133.537,363.79617
304,59.87415,10.7894335,6107.8003,362.23972
305,59.87564,10.79009,6093.798,365.18613
306,59.876537,10.792357,6080.3877,366.055
307,59.877586,10.79617,6055.9805,368.42233
308,59.87763,10.800812,6038.23,366.0139
309,59.879784,10.798535,6015.611,367.4661
310,59.879612,10.801258,5999.1465,373.57077
311,59.881584,10.800616,5984.569,372.08835
312,59.883812,10.805558,5951.3086,372.923
313,59.88289,10.805324,5928.509,372.7657
314,59.885067,10.807897,5938.4053,376.1242
315,59.885975,10.810895,5919.5044,378.949
316,59.88581,10.812846,5894.0405,375.578
317,59.887966,10.812349,5886.8345,378.5061
318,59.888752,10.816007,5885.7764,380.51117
319,59.890198,10.816744,5872.916,381.5653
320,59.891064,10.820159,5835.836,384.33643
321,59.891876,10.819997,5859.4556,383.5841
322,59.893948,10.823539,5810.023,385.4246
323,59.895283,10.82561,5808.6914,385.7507
324,59.894993,10.827212,5788.1953,386.2046
325,59.89613,10.829054,5770.0127,387.99283
326,59.896946,10.830018,5754.203,388.13205
327,59.897438,10.832465,5744.703,391.02646
328,59.899673,10.836515,5745.694,393.21082
329,59.900166,10.837527,5727.914,394.0496
330,59.900715,10.839738,5721.659,394.09848
331,59.90141,10.840203,5698.0444,394.34714
332,59.903217,10.8402815,5684.348,397.44348
333,59.904083,10.844152,5674.3257,400.65118
334,59.904705,10.845629,5660.248,393.72635
335,59.90498,10.846461,5648.2236,401.70197
336,59.906467,10.850491,5655.467,401.85785
337,59.907192,10.852392,5658.3765,403.1683
338,59.908676,10.854335,5619.2056,403.95847
339,59.90977,10.8562975,5613.7153,401.12473
340,59.911015,10.856727,5614.3765,407.1069
341,59.912563,10.859465,5638.5884,409.53857
342,59.91435,10.862005,5585.356,406.19403
343,59.91344,10.863528,5577.665,407.68423
344,59.915478,10.864848,5588.3145,411.53677
345,59.917465,10.867501,5547.0967,410.92584
346,59.916435,10.8688345,5533.176,412.4833
347,59.917477,10.870773,5518.189,413.36908
348,59.919216,10.869954,5515.6143,418.10046
349,59.92045,10.874486,5482.763,417.8292
350,59.921932,10.875518,5472.3384,417.03293
351,59.922146,10.879528,5462.01,417.3118
352,59.923347,10.879034,5444.554,417.6054
353,59.92428,10.88327,5427.1074,419.16666
354,59.924484,10.882913,5409.474,420.5656
355,59.927036,10.882592,5390.684,423.76114
356,59.92783,10.883495,5380.036,422.33386
357,59.92864,10.8869705,5355.3213,423.09222
358,59.929688,10.887395,5355.833,426.7351
359,59.932148,10.890977,5327.6123,427.08704
360,59.93026,10.88925,5279.7686,425.1922
361,59.931507,10.891358,5326.982,427.33713
362,59.932907,10.892601,5297.2563,432.02277
363,59.934532,10.8929405,5242.6753,432.2231
364,59.934807,10.896291,5234.297,432.8831
365,59.93569,10.896732,5276.7373,428.3961
366,59.93595,10.899372,5205.688,434.34518
367,59.939022,10.899579,5203.34,438.4363
368,59.938545,10.9001,5182.053,433.01465
369,59.938786,10.900019,5181.6865,440.3361
370,59.94025,10.9034395,5156.4683,442.06357
371,59.940968,10.903592,5153.76,438.89493
372,59.94209,10.907717,5113.2637,437.2793
373,59.94192,10.904497,5095.8296,440.38486
374,59.94218,10.909416,5139.853,444.22748
375,59.943996,10.907022,5078.0034,445.34595
376,59.946045,10.912233,5048.752,444.49106
377,59.94568,10.911577,5076.8843,446.4721
378,59.946537,10.913964,5028.9126,449.94427
379,59.948063,10.914521,5011.7524,448.51138
380,59.948574,10.91703,5016.3047,444.4845
381,59.94874,10.917378,5008.1973,448.9205
382,59.94894,10.920326,4971.2515,452.1178
383,59.95035,10.919038,4964.2305,451.83533
384,59.951206,10.922945,4948.0063,454.03165
385,59.95104,10.923247,4944.239,456.62802
386,59.951878,10.926523,4918.982,457.77698
387,59.9532,10.926602,4914.9204,457.2253
388,59.954086,10.928334,4909.103,457.91254
389,59.95536,10.9296875,4892.6694,458.85468
390,59.954815,10.930131,4875.602,460.60553
391,59.95542,10.9328575,4873.2744,461.77478
392,59.95596,10.934064,4852.4585,462.67065
393,59.956894,10.936482,4827.646,464.5723
394,59.957867,10.937866,4826.3857,462.788
395,59.958515,10.939445,4806.2056,466.65054
396,59.95913,10.940173,4816.567,467.17883
397,59.959087,10.941621,4799.3477,469.26962
398,59.95994,10.9426365,4798.2764,468.79828
399,59.960415,10.945623,4774.671,469.99716
400,59.960907,10.946841,4769.6836,473.48923
401,59.96194,10.947119,4750.2275,472.6737
402,59.96295,10.950174,4742.563,471.5476
403,59.963173,10.95019,4747.8906,474.835
404,59.963657,10.95329,4726.4316,478.04562
405,59.96446,10.954898,4720.157,478.1246
406,59.965546,10.9556055,4705.8726,477.54593
407,59.966145,10.958049,4688.4355,479.953
408,59.966778,10.959418,4684.8267,481.53378
409,59.967716,10.960649,4666.081,482.44763
410,59.967915,10.961937,4659.266,483.07892
411,59.968784,10.964075,4662.511,481.80484
412,59.96863,10.965613,4639.4614,485.6315
413,59.969223,10.967358,4615.066,486.90106
414,59.971596,10.969346,4643.812,484.97125
415,59.970245,10.970709,4593.6206,489.04987
416,59.97145,10.972524,4587.438,487.87292
417,59.97166,10.974694,4576.2837,490.22552
418,59.974083,10.975892,4589.323,490.2108
419,59.973343,10.977334,4552.0034,491.30624
420,59.974216,10.9790325,4544.2188,493.8111
421,59.974854,10.981603,4527.881,494.3891
422,59.976,10.98135,4520.163,498.1826
423,59.976673,10.983895,4507.935,495.86722
424,59.977818,10.984161,4504.8125,497.96643
425,59.978603,10.987935,4486.3696,498.60052
426,59.97873,10.987948,4476.7085,501.16183
427,59.979958,10.989789,4463.6074,503.83224
428,59.979866,10.9916935,4448.207,502.7431
429,59.980846,10.9933605,4438.5034,505.20303
430,59.981762,10.9932575,4424.969,505.63605
431,59.982506,10.995903,4418.9614,507.5955
432,59.98335,10.996086,4403.439,509.02194
433,59.984077,10.998731,4392.3965,510.3556
434,59.984734,10.998927,4370.676,510.04514
435,59.986877,10.999231,4389.025,510.58218
436,59.986164,11.00253,4344.7534,514.1393
437,59.987896,11.002752,4344.759,512.75
438,59.988186,11.003674,4327.5996,516.41327
439,59.989803,11.004786,4317.8916,517.0548
440,59.989574,11.006976,4305.9033,519.9159
441,59.99103,11.00835,4296.7856,519.69653
442,59.991108,11.009067,4281.8647,521.35925
443,59.992065,11.009518,4293.634,521.864
444,59.992996,11.011295,4260.734,522.20465
445,59.994274,11.011948,4266.053,524.419
446,59.994747,11.014287,4245.741,526.3851
447,59.99637,11.015346,4236.9243,523.3655
448,59.996864,11.015865,4230.2686,529.96466
449,59.997387,11.016882,4216.6763,531.29926
450,59.998146,11.018668,4213.871,530.9507
451,59.998947,11.0193815,4185.604,530.0055
452,59.9998,11.018436,4191.3394,530.1836
453,60.000816,11.019755,4163.342,535.64594
454,60.0013,11.023173,4157.0728,535.6608
455,60.001877,11.02258,4158.9106,538.1697
456,60.00303,11.022643,4140.8877,535.77246
457,60.0036,11.022905,4134.3076,538.50104
458,60.004803,11.02503,4112.765,539.59326
459,60.005733,11.023793,4108.9634,542.0709
460,60.006306,11.023636,4102.316,543.56366
461,60.00736,11.024805,4093.1575,543.88104
462,60.007683,11.026719,4081.687,547.4916
463,60.008347,11.025634,4067.945,547.1566
464,60.009518,11.026868,4053.2358,549.2048
465,60.01004,11.026442,4040.556,546.1475
466,60.010864,11.026475,4051.9683,549.92194
467,60.012383,11.026505,4035.5505,551.8239
468,60.012966,11.026751,4036.4236,558.31396
469,60.013554,11.028106,4018.794,553.3626
470,60.013824,11.027809,4014.723,549.538
471,60.014626,11.027836,4006.8843,559.1371
472,60.015293,11.027949,3996.027,561.1292
473,60.01619,11.028224,3975.0154,559.7892
474,60.017216,11.027481,3968.834,558.7896
475,60.01762,11.028121,3953.1196,565.58374
476,60.018253,11.028173,3948.443,567.1641
477,60.01828,11.028646,3934.3481,563.8509
478,60.019753,11.026875,3930.9255,568.28375
479,60.02037,11.028578,3916.734,567.4655
480,60.020435,11.027981,3903.0078,568.58887
481,60.02204,11.02854,3900.9028,573.1254
482,60.02241,11.028544,3884.3188,577.4697
483,60.023533,11.029463,3885.3528,574.4099
484,60.023586,11.030361,3862.7615,574.51874
485,60.02431,11.029315,3839.3032,581.5307
486,60.025906,11.028544,3825.9548,582.6196
487,60.026253,11.02966,3828.3599,579.4164
488,60.026936,11.029611,3810.364,582.0625
489,60.028393,11.030174,3805.3093,586.26025
490,60.029705,11.03122,3770.657,591.00464
491,60.02931,11.030709,3762.6875,586.1625
492,60.030342,11.031076,3749.7712,590.2228
493,60.030594,11.031523,3731.3818,594.121
494,60.032253,11.030448,3727.809,592.10974
495,60.033943,11.030574,3696.9985,593.452
496,60.033623,11.030914,3687.2104,596.9046
497,60.034687,11.03154,3668.253,595.75555
498,60.03513,11.033021,3649.6826,598.69
499,60.0364,11.032629,3632.4983,600.2981
500,60.037453,11.033112,3623.5166,603.75616
501,60.038113,11.033141,3617.7817,602.57733
502,60.03927,11.03305,3560.4397,599.60767
503,60.039265,11.033385,3540.6738,602.681
504,60.0406,11.033007,3536.3313,606.4519
505,60.04179,11.033475,3509.6904,606.59454
506,60.04164,11.034446,3501.825,608.21173
507,60.04336,11.034644,3469.424,608.14075
508,60.04403,11.034901,3464.2114,610.88635
509,60.045162,11.035613,3445.8245,611.45807
510,60.046585,11.036581,3411.702,610.6227
511,60.046978,11.036146,3397.3906,618.0332
512,60.04868,11.036723,3370.958,614.7003
513,60.049366,11.037422,3355.0657,617.9788
514,60.04952,11.037878,3344.2393,618.955
515,60.051323,11.038414,3320.4016,618.089
516,60.05215,11.039178,3297.8699,619.0827
517,60.053802,11.039347,3280.024,622.82916
518,60.05493,11.040278,3256.9329,623.18854
519,60.055626,11.040318,3232.5972,624.5766
520,60.05681,11.041188,3212.3464,625.4718
521,60.05746,11.042021,3194.667,627.8299
522,60.05863,11.042648,3167.8718,629.0755
523,60.05998,11.0435915,3150.0059,628.8867
524,60.06103,11.042925,3137.5833,631.98865
525,60.061394,11.043897,3108.0728,630.80786
526,60.062855,11.045427,3091.2935,634.3739
527,60.064903,11.045236,3066.4524,634.6785
528,60.065125,11.046312,3041.114,635.4139
529,60.065994,11.04633,3033.042,635.6267
530,60.06714,11.047251,3006.3618,637.8667
531,60.06776,11.048127,2979.4436,639.75214
532,60.069508,11.047382,2957.2651,643.19135
533,60.07011,11.048626,2951.563,642.37714
534,60.070942,11.048595,2932.3596,644.39105
535,60.071762,11.04885,2906.413,645.1359
536,60.07299,11.049533,2902.8145,645.2124
537,60.073593,11.050375,2876.8499,645.94025
538,60.07431,11.050607,2857.2366,647.88885
539,60.07533,11.051683,2849.4307,649.8127
540,60.075897,11.051911,2825.1846,649.92285
541,60.076427,11.051856,2802.6528,653.06384
542,60.076527,11.051506,2803.3906,654.0242
543,60.082035,11.053007,2717.637,648.9874
544,60.08224,11.053254,2695.2476,649.9957
545,60.082127,11.053891,2687.6309,653.8179
546,60.083454,11.054641,2685.1753,654.54095
547,60.084694,11.055001,2666.8323,656.1595
548,60.084656,11.055276,2648.7698,655.12427
549,60.085506,11.055566,2635.0815,657.31165
550,60.08617,11.055542,2607.9094,657.9856
551,60.087616,11.056427,2598.0898,662.05273
552,60.088238,11.057325,2582.8237,662.91797
553,60.089222,11.057543,2568.9548,663.019
554,60.089813,11.058088,2548.5698,663.38586
555,60.09048,11.058571,2520.185,663.10913
556,60.091206,11.059176,2496.8284,663.02985
557,60.092117,11.059571,2486.668,667.7818
558,60.09276,11.059985,2454.3699,667.1422
559,60.093803,11.060625,2441.7844,668.1727
560,60.094196,11.061388,2419.6084,672.0061
561,60.095703,11.061385,2396.8196,668.8739
562,60.096428,11.062046,2383.168,673.4487
563,60.09695,11.062498,2362.6826,676.4547
564,60.098,11.062975,2346.9873,676.3868
565,60.09865,11.063587,2340.076,675.7988
566,60.099766,11.063824,2311.2012,679.34
567,60.10039,11.0645485,2293.2493,682.14166
568,60.101055,11.06439,2263.8833,681.2658
569,60.101913,11.065124,2242.4846,685.10205
570,60.102345,11.0656,2233.1594,683.8057
571,60.103268,11.066275,2204.0315,686.5722
572,60.10444,11.066997,2208.2207,688.2037
573,60.105316,11.0670395,2178.6824,689.3136
574,60.10573,11.067101,2154.5637,692.9812
575,60.106884,11.067723,2152.5967,690.4335
576,60.107647,11.068073,2122.1843,693.09985
577,60.10814,11.068608,2108.1663,691.5007
578,60.10917,11.069031,2094.729,695.0334
579,60.110092,11.069304,2080.5234,699.7066
580,60.111076,11.069858,2059.3826,698.6217
581,60.111694,11.070689,2047.474,698.82996
582,60.112637,11.070637,2045.3931,704.3888
583,60.113136,11.070857,2012.0714,703.6936
584,60.113693,11.071563,2001.1495,704.09503
585,60.114418,11.071871,1969.8569,706.9206
586,60.1156,11.072018,1963.7747,707.4715
587,60.116455,11.072255,1948.3843,714.55096
588,60.11694,11.072794,1935.0381,709.8656
589,60.11779,11.073674,1908.6517,711.1594
590,60.118336,11.073626,1893.3499,713.4651
591,60.118763,11.074242,1883.7434,716.2677
592,60.12006,11.074561,1844.3395,714.689
593,60.121128,11.074775,1839.5474,722.5263
594,60.12199,11.075121,1823.0897,723.50305
595,60.12253,11.075677,1807.4111,723.71216
596,60.123142,11.076079,1776.3893,719.269
597,60.12379,11.076514,1773.3724,724.40594
598,60.124733,11.076783,1745.0477,721.9394
599,60.125385,11.077236,1742.2365,726.44867
600,60.126392,11.078002,1712.8795,728.00006
601,60.12685,11.078231,1695.7007,728.604
602,60.127525,11.078407,1682.9318,728.8141
603,60.128414,11.078926,1659.1272,731.6342
604,60.129158,11.079626,1656.7926,730.21545
605,60.129887,11.079937,1641.0714,730.9222
606,60.1306,11.080468,1643.3788,729.10583
607,60.131252,11.081257,1624.9712,731.59186
608,60.132145,11.081205,1620.9374,738.6829
609,60.132725,11.081652,1601.736,740.2553
610,60.133156,11.082135,1590.8541,737.89233
611,60.133797,11.082217,1572.3976,739.42444
612,60.134583,11.082528,1564.5372,738.88403
613,60.135025,11.082712,1547.2194,740.84973
614,60.135406,11.083041,1545.589,742.0984
615,60.136093,11.083389,1536.7761,745.61597
616,60.13698,11.0836315,1518.2711,743.1211
617,60.13741,11.083989,1507.1089,743.9203
618,60.137917,11.084421,1478.3705,749.1399
619,60.13868,11.08433,1468.0629,746.511
620,60.13904,11.084733,1465.4467,751.6956
621,60.140896,11.085738,1405.6122,744.187
622,60.14143,11.08574,1400.5516,750.2549
623,60.14219,11.085698,1373.9069,750.33746
624,60.14279,11.086025,1375.1298,751.6042
625,60.1435,11.086616,1365.3892,749.9758
626,60.144264,11.086855,1349.5798,752.0455
627,60.14474,11.087253,1342.3412,750.6208
628,60.14533,11.087723,1338.9486,751.88525
629,60.145927,11.088198,1316.4755,751.63995
630,60.146805,11.088636,1310.7515,756.56195
631,60.147343,11.089395,1296.9253,757.64325
632,60.148174,11.090195,1282.8749,755.79504
633,60.149044,11.090546,1266.2284,754.12146
634,60.150177,11.091257,1244.4943,753.3137
635,60.149673,11.091689,1279.0795,763.4556
636,60.150257,11.092005,1263.5995,765.9231
637,60.151012,11.092416,1247.6063,766.2519
638,60.151943,11.092758,1232.8379,768.7737
639,60.152897,11.093435,1198.8079,767.6858
640,60.15384,11.093871,1209.7444,767.6985
641,60.154648,11.094389,1200.8523,771.265
642,60.1556,11.094749,1183.6141,770.0953
643,60.156326,11.095217,1190.0393,769.70667
644,60.15719,11.095492,1171.432,771.21796
645,60.157883,11.0959425,1152.7609,774.1495
646,60.158638,11.096347,1134.0105,770.3307
647,60.159576,11.096913,1103.2714,768.71893
648,60.160328,11.0973835,1110.3234,777.76245
649,60.16117,11.097736,1088.0172,779.17255
650,60.161896,11.098111,1048.1237,774.0293
651,60.162563,11.098553,1043.3257,773.6358
652,60.163185,11.099154,1053.9677,785.20844
653,60.16432,11.099376,1017.9729,780.235
654,60.164955,11.099942,1002.9474,782.1498
655,60.16556,11.100256,1000.8075,776.78796
656,60.165916,11.100621,973.13293,782.89685
657,60.16685,11.101289,970.72375,780.6681
658,60.167297,11.101638,945.7509,785.62744
659,60.167973,11.1016865,952.4683,773.7367
