,lat,lon,alt,time
0,60.01334,11.178416,5588.2505,0.0
1,60.003983,11.156873,5569.1494,0.95852715
2,60.00275,11.164094,5505.199,0.9703228
3,60.003258,11.15899,5538.3345,1.8345802
4,60.003983,11.161091,5494.5454,2.3335078
5,60.004177,11.159981,5522.242,2.950315
6,60.002403,11.155895,5508.8013,3.5855954
7,60.003254,11.161449,5497.066,4.1643977
8,60.001892,11.158664,5472.7124,4.794404
9,60.00205,11.155119,5493.344,5.2328033
10,60.001816,11.151629,5448.7563,5.814246
11,60.000072,11.156277,5478.672,6.453671
12,60.002014,11.153707,5473.908,6.9221044
13,60.001427,11.15558,5458.0327,7.6430483
14,59.99972,11.152258,5443.5044,8.342399
15,59.99992,11.154525,5425.141,8.508016
16,59.999184,11.148398,5416.717,9.545298
17,60.001236,11.146395,5386.1016,9.852775
18,60.002213,11.14837,5434.428,10.327109
19,59.999664,11.150167,5416.1953,11.058824
20,60.001194,11.150891,5389.9097,11.679336
21,59.998287,11.148177,5394.3726,12.18552
22,59.99752,11.146875,5384.9097,12.933906
23,59.99705,11.14272,5385.9014,13.333112
24,59.997284,11.138804,5374.255,13.901184
25,59.998207,11.142672,5352.486,14.610734
26,59.996735,11.144488,5349.167,15.067258
27,59.99643,11.137206,5319.7876,15.428885
28,59.996044,11.143864,5326.945,16.255604
29,59.995182,11.142065,5328.174,16.93116
30,59.99289,11.144925,5307.653,17.094112
31,59.994625,11.127431,5305.3105,18.05989
32,59.99352,11.131593,5326.114,18.424673
33,59.995415,11.134003,5306.0503,19.439117
34,59.993927,11.137189,5308.223,19.48967
35,59.995037,11.133585,5261.231,20.540985
36,59.994,11.13914,5239.7314,21.052998
37,59.991634,11.131191,5275.488,20.74512
38,59.99125,11.138684,5274.0557,22.307608
39,59.991196,11.130816,5263.927,22.178417
40,59.99096,11.133092,5228.2676,23.533272
41,59.99153,11.129476,5228.4424,22.7758
42,59.98972,11.128374,5243.3906,24.328428
43,59.98804,11.13141,5224.351,25.579504
44,59.990196,11.127081,5227.8125,24.580214
45,59.989677,11.125322,5208.8096,26.06359
46,59.99033,11.1241,5200.342,26.51228
47,59.98786,11.128852,5194.1143,26.974571
48,59.987553,11.129177,5177.271,26.98978
49,59.98693,11.131379,5140.189,27.827763
50,59.987263,11.123502,5157.047,28.425938
51,59.98554,11.130352,5172.4707,29.468126
52,59.985664,11.124532,5162.6436,29.27825
53,59.984722,11.122264,5142.507,30.08264
54,59.987007,11.120045,5114.311,30.820185
55,59.987244,11.122382,5106.214,31.108027
56,59.98522,11.125551,5097.786,32.01181
57,59.984272,11.124602,5099.552,32.42996
58,59.98355,11.119661,5077.063,32.719074
59,59.98487,11.123416,5068.2793,33.18326
60,59.98359,11.116684,5080.4775,33.921402
61,59.98255,11.116473,5056.3145,34.770645
62,59.981792,11.116098,5049.2324,35.19876
63,59.984066,11.119713,5015.6973,35.25841
64,59.98353,11.118533,5029.905,36.506428
65,59.98163,11.117256,5023.6895,36.88231
66,59.9805,11.113905,4984.7095,36.976627
67,59.980907,11.115648,4999.4907,37.925243
68,59.98209,11.11062,4987.816,38.281933
69,59.980484,11.110852,4984.9976,39.14261
70,59.980747,11.111364,4986.506,39.29825
71,59.979424,11.110844,4964.4893,39.81111
72,59.980606,11.111607,4950.996,41.207626
73,59.980125,11.106477,4957.085,41.363224
74,59.978508,11.106023,4920.6626,43.048847
75,59.97827,11.104884,4907.3,44.11317
76,59.980396,11.102728,4896.4116,43.326946
77,59.97778,11.103195,4885.64,45.36499
78,59.97889,11.104484,4898.7993,45.07643
79,59.977394,11.10245,4886.9043,45.47416
80,59.977592,11.1017685,4887.922,45.96158
81,59.97792,11.102082,4868.6973,46.12553
82,59.978313,11.097774,4875.264,48.376526
83,59.978127,11.097249,4852.714,48.073673
84,59.978123,11.095434,4848.777,48.28422
85,59.976513,11.096785,4833.61,49.02633
86,59.978226,11.0952015,4834.447,49.552357
87,59.97787,11.093422,4828.775,50.01061
88,59.977062,11.091906,4821.2183,49.88289
89,59.9773,11.091814,4816.1094,50.439896
90,59.977913,11.091185,4803.9507,51.56914
91,59.977146,11.090316,4796.591,51.773212
92,59.97701,11.087258,4793.2334,52.508022
93,59.97712,11.089493,4790.804,52.93534
94,59.975597,11.085849,4790.702,53.3658
95,59.9769,11.08413,4772.761,53.855473
96,59.976357,11.083139,4780.4897,54.518394
97,59.97782,11.082585,4771.0254,55.29779
98,59.9767,11.081615,4758.7095,55.382225
99,59.977116,11.079737,4758.6133,55.640007
100,59.977337,11.080095,4756.6084,57.012905
101,59.977066,11.0808,4754.0054,56.86352
102,59.97723,11.075887,4749.0796,56.961494
103,59.976578,11.076784,4742.208,57.737144
104,59.97762,11.075007,4719.707,59.161537
105,59.978184,11.073348,4728.812,58.88369
106,59.97797,11.073199,4718.8203,58.97952
107,59.978127,11.072065,4703.9595,59.388737
108,59.97778,11.07147,4715.2505,61.761116
109,59.97754,11.067934,4712.9053,61.77786
110,59.978374,11.068055,4712.4204,61.53997
111,59.978153,11.065463,4716.931,62.990555
112,59.978504,11.066642,4699.487,62.861145
113,59.980072,11.060731,4681.287,63.464085
114,59.977833,11.062452,4697.5566,64.200264
115,59.977226,11.060796,4691.06,64.48662
116,59.978714,11.062172,4690.7217,64.25167
117,59.97803,11.057957,4687.638,65.63628
118,59.979,11.056867,4681.464,66.38521
119,59.979248,11.055349,4672.889,66.17083
120,59.979073,11.054291,4677.724,66.81209
121,59.97932,11.053434,4674.314,67.17689
122,59.979927,11.055395,4679.851,68.0902
123,59.979298,11.051367,4666.0825,69.00408
124,59.97988,11.051349,4664.919,68.36671
125,59.979874,11.051941,4651.5103,69.86147
126,59.980286,11.050277,4656.832,70.64733
127,59.980984,11.048511,4640.503,70.8833
128,59.9804,11.047422,4650.7617,70.63175
129,59.979984,11.049378,4669.8164,71.42115
130,59.982075,11.049444,4642.5815,73.14036
131,59.981594,11.043949,4652.412,72.692566
132,59.980515,11.045223,4646.111,74.95929
133,59.982033,11.04437,4606.561,72.78732
134,59.981403,11.040934,4618.532,75.37468
135,59.982193,11.043843,4614.0796,75.51668
136,59.981575,11.041255,4596.582,74.944885
137,59.982185,11.040325,4609.9053,75.839554
138,59.982086,11.037638,4604.988,76.10346
139,59.98303,11.037912,4601.7036,77.44515
140,59.982937,11.036863,4579.104,77.73587
141,59.98363,11.036922,4570.775,77.73713
142,59.98296,11.03796,4586.5376,79.18699
143,59.984035,11.03707,4586.4497,78.61131
144,59.984657,11.037514,4575.416,80.31102
145,59.983646,11.037276,4583.0757,79.881195
146,59.984554,11.034943,4557.228,79.96022
147,59.984833,11.03631,4563.941,82.029274
148,59.984528,11.033895,4548.7764,81.748535
149,59.98555,11.033783,4543.681,82.557434
150,59.985596,11.03389,4537.498,82.965805
151,59.985962,11.033862,4530.3115,82.84027
152,59.985485,11.033035,4540.2935,85.18505
153,59.986107,11.032157,4528.302,84.28216
154,59.986332,11.03147,4513.5845,85.22243
155,59.986763,11.0334215,4509.179,85.609604
156,59.98601,11.030804,4484.7056,85.818436
157,59.987514,11.030656,4507.511,86.71622
158,59.986954,11.028966,4495.864,88.01478
159,59.986988,11.030653,4481.464,87.56033
160,59.988014,11.025465,4493.4653,87.8667
161,59.98852,11.028171,4479.5747,89.80398
162,59.990242,11.026722,4474.095,89.2374
163,59.988274,11.029019,4464.549,90.00522
164,59.98853,11.02665,4452.7974,90.2137
165,59.989014,11.025755,4462.7183,90.897316
166,59.98945,11.026899,4459.02,92.8966
167,59.989655,11.027105,4434.488,91.66341
168,59.99018,11.024165,4454.263,92.21309
169,59.99025,11.024064,4434.8057,95.21434
170,59.990368,11.0245495,4438.7583,93.15329
171,59.98972,11.023523,4436.036,94.28308
172,59.990845,11.022025,4430.5225,95.28493
173,59.991196,11.02292,4434.9507,95.35343
174,59.99142,11.021788,4424.345,95.97226
175,59.991814,11.019642,4412.5103,96.467
176,59.991833,11.019595,4403.426,98.23865
177,59.991585,11.021438,4417.9746,98.04796
178,59.992607,11.021114,4377.153,97.75838
179,59.992325,11.021677,4394.822,97.9368
180,59.9932,11.02014,4391.753,99.09101
181,59.993603,11.022027,4364.9233,100.06522
182,59.99301,11.017988,4382.4146,100.32947
183,59.99368,11.020207,4374.016,100.548294
184,59.99385,11.021913,4377.009,101.1871
185,59.994305,11.016548,4362.442,102.20254
186,59.99422,11.020089,4355.966,101.69835
187,59.99512,11.018893,4372.874,103.46578
188,59.99546,11.017695,4345.2065,104.2458
189,59.996044,11.018742,4362.609,104.23887
190,59.995335,11.018908,4349.893,104.49556
191,59.99592,11.016445,4350.5884,104.992775
192,59.996338,11.016858,4338.7554,106.480835
193,59.995724,11.018088,4343.5405,106.13337
194,59.99696,11.017591,4333.5635,106.11517
195,59.997044,11.01586,4320.616,108.16486
196,59.99716,11.016469,4325.633,107.986946
197,59.99753,11.016001,4322.704,108.398895
198,59.997684,11.015978,4311.3994,110.31781
199,59.998398,11.015161,4306.7607,110.08355
200,59.99874,11.015635,4313.2544,110.19417
201,59.99936,11.01639,4299.787,111.25354
202,59.9992,11.01679,4301.6367,111.924706
203,59.999214,11.014274,4308.695,111.60392
204,59.999516,11.015749,4289.5854,112.33085
205,60.000507,11.013886,4293.781,112.80746
206,59.999813,11.01332,4284.579,114.89898
207,60.001373,11.014047,4281.924,114.19489
208,60.00099,11.014971,4273.125,115.93796
209,60.001347,11.014226,4269.894,116.69006
210,60.001785,11.01334,4265.411,115.29992
211,60.001167,11.013676,4250.8086,117.68809
212,60.002087,11.012208,4265.398,117.920395
213,60.003677,11.012568,4247.7627,117.26752
214,60.002964,11.012461,4248.19,117.48405
215,60.003654,11.012188,4239.4497,119.14587
216,60.00458,11.014013,4232.778,119.31294
217,60.004166,11.012623,4234.401,119.46133
218,60.004833,11.012292,4206.425,118.65761
219,60.005196,11.012643,4219.3784,123.19787
220,60.005272,11.012318,4213.4497,123.63959
221,60.006298,11.012849,4198.091,120.23459
222,60.006187,11.0122,4197.191,123.25948
223,60.007206,11.013239,4210.1177,123.83223
224,60.007774,11.011426,4184.0273,123.93692
225,60.00747,11.011434,4185.132,124.66625
226,60.00817,11.011374,4180.381,125.39525
227,60.008602,11.012375,4172.5195,128.20683
228,60.00995,11.009425,4151.067,127.22976
229,60.00936,11.011342,4161.1855,126.2336
230,60.01057,11.011696,4138.5938,127.12652
231,60.010056,11.010583,4140.22,129.71312
232,60.011227,11.010123,4130.596,129.54503
233,60.011982,11.009577,4133.818,128.93024
234,60.01201,11.009888,4116.2085,130.12263
235,60.01235,11.00923,4115.3276,130.29199
236,60.01359,11.010179,4125.8086,129.13129
237,60.012787,11.009943,4097.204,134.95517
238,60.014614,11.007778,4118.4053,132.28519
239,60.013424,11.007443,4094.3472,134.822
240,60.014786,11.00835,4091.8674,131.81099
241,60.015835,11.008022,4071.8887,135.59984
242,60.015182,11.00661,4052.3125,137.13849
243,60.016006,11.009192,4050.139,131.52676
244,60.016273,11.008866,4056.6284,134.6572
245,60.01681,11.008754,4040.5327,138.8144
246,60.018333,11.007173,4046.712,136.25119
247,60.01855,11.007443,4042.1135,137.8713
248,60.017982,11.007564,4041.9412,138.08795
249,60.019814,11.006961,4045.044,139.01538
250,60.020195,11.007799,4000.5515,140.95714
251,60.020027,11.007576,4023.2148,136.6506
252,60.02055,11.008021,4019.3333,139.32294
253,60.020386,11.008764,3997.3142,141.41496
254,60.021793,11.006327,4001.127,141.04942
255,60.02256,11.007714,3972.3025,141.74324
256,60.021812,11.00743,3995.9146,143.18303
257,60.02151,11.008271,3965.6272,142.23813
258,60.02294,11.006828,3949.9749,141.69283
259,60.024193,11.008267,3974.5303,143.84709
260,60.02387,11.007771,3942.4878,144.86725
261,60.025616,11.004098,3929.3801,143.5915
262,60.024426,11.007193,3961.5603,143.88695
263,60.025448,11.009584,3926.0488,144.75912
264,60.026123,11.008336,3918.9294,143.88582
265,60.024963,11.010411,3933.11,146.73358
266,60.026672,11.010595,3915.39,146.12933
267,60.027065,11.0103855,3935.9836,147.16354
268,60.027737,11.007898,3911.7712,150.96025
269,60.02922,11.009934,3914.3813,144.55183
270,60.027885,11.009879,3893.2217,149.75922
271,60.02864,11.011729,3899.4932,151.65665
272,60.029453,11.009219,3912.5955,149.58578
273,60.03041,11.009801,3888.6697,149.76915
274,60.031498,11.011088,3883.5427,148.35963
275,60.03029,11.012152,3859.9666,155.46895
276,60.031044,11.0119295,3862.0967,150.1916
277,60.031525,11.012375,3881.6162,153.23743
278,60.031082,11.014155,3858.2861,151.54924
279,60.032497,11.01152,3855.345,153.27963
280,60.033703,11.012398,3842.7708,152.94307
281,60.033287,11.012316,3829.1316,154.64917
282,60.03397,11.012946,3829.7634,154.74509
283,60.033726,11.012796,3822.5107,154.35783
284,60.034683,11.01355,3806.4976,156.03973
285,60.03467,11.01413,3809.5493,157.46017
286,60.03577,11.01513,3786.7258,157.05882
287,60.036324,11.015296,3792.8274,154.16309
288,60.037197,11.0143795,3779.3857,157.42534
289,60.037106,11.016261,3779.819,160.80002
290,60.037292,11.014467,3769.6655,157.77869
291,60.037823,11.013664,3757.2234,159.91444
292,60.039543,11.01629,3769.476,159.03694
293,60.03845,11.0164995,3747.8284,158.19157
294,60.04017,11.015594,3744.3723,164.0331
295,60.039963,11.01745,3732.936,159.89575
296,60.040714,11.01693,3731.1497,159.96373
297,60.04133,11.017851,3718.8665,163.64565
298,60.041187,11.016837,3700.1584,164.85397
299,60.042152,11.015778,3700.697,163.14746
300,60.04371,11.017141,3710.1716,163.64906
301,60.042305,11.018167,3681.8945,164.12762
302,60.044403,11.018295,3690.7976,164.96368
303,60.043953,11.01794,3663.527,167.86484
304,60.04306,11.0166855,3654.6392,166.96808
305,60.04405,11.017379,3659.771,167.02449
306,60.044144,11.016262,3630.8564,164.89243
307,60.04486,11.016972,3637.0828,170.60875
308,60.04495,11.017597,3621.118,168.06277
309,60.045475,11.018586,3617.4543,169.43315
310,60.046463,11.018172,3607.0054,169.2788
311,60.046993,11.01833,3616.8843,170.46785
312,60.04621,11.0173235,3578.6592,172.40277
313,60.04697,11.017866,3583.682,171.12508
314,60.047745,11.018577,3569.2344,172.34464
315,60.04808,11.018232,3568.9949,170.34074
316,60.048084,11.017782,3559.8281,172.62082
317,60.049,11.01875,3546.5098,174.02414
318,60.04853,11.021046,3537.142,174.88594
319,60.04922,11.020125,3535.6746,172.87805
320,60.05058,11.019399,3519.1626,177.16861
321,60.052048,11.02109,3508.8743,176.96773
322,60.05147,11.021011,3512.6284,175.55072
323,60.050716,11.019846,3489.438,176.84499
324,60.05184,11.020577,3486.904,177.71034
325,60.052822,11.021759,3472.5508,181.3554
326,60.053062,11.021775,3473.1501,177.70013
327,60.052383,11.021302,3461.7446,181.03217
328,60.05399,11.021939,3457.159,179.27411
329,60.05398,11.021583,3428.588,180.24586
330,60.05458,11.021639,3443.1104,180.62392
331,60.054516,11.021812,3430.2427,182.23726
332,60.054153,11.021793,3427.2751,184.73361
333,60.055553,11.020481,3416.5635,182.2781
334,60.056126,11.019954,3401.273,183.72058
335,60.05551,11.020175,3376.2983,184.3323
336,60.05592,11.022579,3384.266,179.30792
337,60.056465,11.022782,3388.6455,182.84175
338,60.05739,11.025642,3361.4297,182.30864
339,60.058853,11.025166,3365.467,187.18198
340,60.05889,11.027355,3358.8699,181.18817
341,60.05925,11.024183,3338.6594,180.728
342,60.05978,11.027461,3337.5613,186.24734
343,60.06065,11.026818,3337.5085,183.73389
344,60.061256,11.029145,3311.7986,185.92734
345,60.0599,11.028379,3328.0044,185.43317
346,60.061916,11.028128,3306.657,188.20648
347,60.06233,11.030546,3306.8374,186.27403
348,60.063194,11.031118,3298.9866,183.00684
349,60.063126,11.031019,3277.239,185.39674
350,60.063274,11.030251,3290.3235,189.87164
351,60.063343,11.031603,3278.9482,188.71967
352,60.065224,11.030957,3261.981,188.38039
353,60.064575,11.031251,3253.5088,192.13487
354,60.064564,11.033023,3246.3938,189.40749
355,60.065434,11.03301,3247.808,189.37587
356,60.065956,11.032913,3237.4126,189.9382
357,60.06639,11.033643,3229.64,194.4111
358,60.06682,11.034181,3222.6675,191.24458
359,60.066822,11.034137,3218.4463,191.95178
360,60.067726,11.034643,3220.3137,196.7464
361,60.067337,11.035172,3193.8,192.59096
362,60.067524,11.034831,3175.873,190.34627
363,60.06891,11.03726,3184.1106,193.66734
364,60.06921,11.038038,3181.2156,197.3381
365,60.069397,11.038341,3153.5693,194.03847
366,60.070553,11.038859,3159.1265,195.40154
367,60.070705,11.039171,3139.5156,196.30127
368,60.071342,11.038468,3153.4065,196.1756
369,60.071617,11.039619,3127.1504,198.32439
370,60.072178,11.039591,3131.8193,197.56026
371,60.07274,11.040687,3124.5444,199.07642
372,60.07327,11.040398,3119.6833,198.38126
373,60.073406,11.0421505,3104.8354,203.14677
374,60.07289,11.04096,3094.4636,197.25131
375,60.074177,11.0419655,3087.8127,204.8512
376,60.07448,11.042864,3067.6008,203.60579
377,60.07607,11.040926,3067.8591,199.77563
378,60.07495,11.042725,3058.88,207.4491
379,60.075794,11.043111,3047.293,202.28966
380,60.07609,11.043178,3047.9685,204.4136
381,60.076546,11.043884,3040.0771,205.2788
382,60.0763,11.045891,3032.4075,201.86795
383,60.07743,11.044913,2998.7512,205.56262
384,60.07684,11.046473,2993.3047,208.34486
385,60.078014,11.046994,2999.8718,207.0062
386,60.07921,11.047105,2974.94,210.56302
387,60.079296,11.045588,2980.1162,209.03233
388,60.079376,11.047764,2955.7122,209.35448
389,60.07979,11.047442,2960.2273,207.91957
390,60.07995,11.049332,2936.4602,209.61844
391,60.080486,11.049093,2914.0767,211.32541
392,60.081135,11.0509615,2918.8757,208.72946
393,60.07979,11.052561,2926.6248,213.20737
394,60.082462,11.053812,2888.6301,212.24681
395,60.082687,11.0513525,2876.8506,215.20145
396,60.0822,11.051574,2887.486,213.30896
397,60.08195,11.051126,2860.699,214.59863
398,60.083244,11.050788,2849.554,218.84604
399,60.083393,11.051258,2829.1377,216.23242
400,60.08415,11.052571,2825.6406,212.51128
401,60.082317,11.05283,2808.6616,219.61554
402,60.083286,11.052015,2794.9563,214.49516
403,60.084373,11.054078,2788.2532,216.20572
404,60.08454,11.054129,2757.1619,219.40398
405,60.084625,11.05347,2747.9504,220.49489
406,60.086014,11.054918,2745.3203,218.53668
407,60.084682,11.055696,2749.994,219.48227
408,60.086933,11.056681,2729.9543,220.5182
409,60.087044,11.056439,2718.1658,219.4888
410,60.0865,11.056955,2705.5027,222.9858
411,60.086926,11.058553,2697.365,222.23068
412,60.08712,11.057283,2701.1943,222.51012
413,60.08738,11.059066,2664.4604,228.09326
414,60.08816,11.0589075,2687.2769,219.49976
415,60.088963,11.060797,2647.1736,226.33688
416,60.08897,11.059987,2646.1665,226.55467
417,60.090286,11.061371,2622.1309,226.7832
418,60.0901,11.061072,2648.8186,223.26813
419,60.090916,11.061978,2617.7944,230.22092
420,60.090527,11.063079,2600.9553,229.03883
421,60.09203,11.063047,2600.398,226.63191
422,60.09145,11.063134,2585.1113,231.3085
423,60.092976,11.06362,2576.2012,229.11752
424,60.092197,11.06411,2561.2048,230.93422
425,60.094246,11.064507,2558.9673,229.33766
426,60.093933,11.0648155,2545.2866,231.51694
427,60.093567,11.06519,2535.3796,232.57542
428,60.094604,11.06566,2523.7087,229.90013
429,60.09536,11.066285,2522.4873,233.53198
430,60.09501,11.0673485,2508.3313,234.05121
431,60.095352,11.066933,2502.8906,233.18312
432,60.096203,11.067805,2489.4727,235.70209
433,60.09596,11.067022,2482.147,240.5231
434,60.0965,11.067448,2458.732,234.64178
435,60.096336,11.066354,2496.0156,232.91524
436,60.09745,11.068044,2444.3633,239.0941
437,60.097313,11.068968,2443.3572,237.58708
438,60.09831,11.068064,2433.662,237.63617
439,60.098045,11.069032,2421.3992,238.74178
440,60.099052,11.06946,2411.2227,240.19267
441,60.099026,11.069563,2408.6133,238.77051
442,60.099274,11.070419,2387.4873,240.8148
443,60.100063,11.070673,2387.3645,237.61523
444,60.099438,11.071281,2364.8208,244.6676
445,60.100258,11.071852,2355.9546,242.30592
446,60.10155,11.071393,2360.0562,241.1042
447,60.100735,11.071518,2347.6846,243.69434
448,60.101635,11.0716,2335.9585,245.53178
449,60.10142,11.071504,2329.2039,244.5249
450,60.102276,11.072273,2316.5972,248.07341
451,60.103405,11.073459,2301.1436,243.6427
452,60.10335,11.0722275,2304.548,243.08615
453,60.1029,11.073326,2282.3206,250.96701
454,60.104115,11.073938,2275.4756,244.97876
455,60.104626,11.074572,2257.2563,250.6912
456,60.104725,11.074203,2266.3955,245.67647
457,60.10486,11.075384,2246.2253,249.3512
458,60.105232,11.076077,2234.8887,246.8813
459,60.106205,11.075618,2228.8376,248.38582
460,60.10625,11.075971,2210.9917,249.66647
461,60.106777,11.074905,2216.1426,248.93626
462,60.10694,11.076364,2205.3767,252.73653
463,60.107918,11.0766115,2186.1592,249.86223
464,60.107815,11.07629,2183.9888,253.43633
465,60.10831,11.076296,2175.7097,251.7784
466,60.109,11.076829,2168.2085,251.71333
467,60.108986,11.0763235,2154.8452,253.29411
468,60.110126,11.07673,2149.3643,252.16104
469,60.11103,11.077623,2146.227,254.34677
470,60.11097,11.077577,2117.2566,254.76895
471,60.111103,11.076918,2115.5562,256.2131
472,60.111816,11.077842,2111.0103,255.45856
473,60.11238,11.078022,2106.8508,255.56447
474,60.113422,11.078214,2083.933,254.04033
475,60.113365,11.078321,2093.7888,258.008
476,60.113594,11.078588,2082.538,261.04623
477,60.1145,11.078601,2072.5479,256.02322
478,60.11469,11.077972,2069.4385,260.20026
479,60.115227,11.078933,2056.514,258.88766
480,60.11569,11.079418,2045.2744,258.03125
481,60.116215,11.079247,2034.3662,261.28745
482,60.11678,11.078197,2040.1682,261.234
483,60.11717,11.079153,2027.3768,266.1392
484,60.118053,11.077921,2018.9636,261.3575
485,60.118572,11.078344,2013.0815,262.5557
486,60.117924,11.078894,1996.3416,264.90625
487,60.119072,11.078616,2004.5731,264.4142
488,60.119057,11.079206,2005.1216,265.63095
489,60.119896,11.07904,1993.8341,264.03748
490,60.120247,11.079184,1983.4304,267.91736
491,60.120937,11.079289,1972.6677,265.60184
492,60.121006,11.07971,1974.1769,268.2271
493,60.12131,11.080137,1965.6313,268.07373
494,60.12218,11.079737,1956.0562,267.94604
495,60.122692,11.080218,1953.3422,269.41263
496,60.122562,11.080596,1941.1813,271.28058
497,60.122757,11.080968,1934.6285,273.43433
498,60.12322,11.080578,1924.9435,272.21906
499,60.124252,11.080095,1926.8163,275.3835
500,60.124546,11.080799,1904.3081,273.28235
501,60.12454,11.081154,1914.7095,275.8992
502,60.124672,11.080684,1889.2069,271.98758
503,60.12414,11.081833,1893.5099,271.08252
504,60.124638,11.081473,1885.7463,273.9044
505,60.125515,11.082345,1878.8191,274.56323
506,60.125767,11.082351,1872.2373,275.99
507,60.126335,11.082749,1848.3927,272.38556
508,60.12637,11.082372,1853.3541,273.6265
509,60.12658,11.083768,1849.8923,277.45288
510,60.126904,11.08352,1840.3827,273.46945
511,60.127594,11.083006,1837.4957,277.45273
512,60.128025,11.083819,1826.4427,279.16473
513,60.128227,11.083621,1812.1592,278.04373
514,60.128246,11.083689,1803.7432,280.49362
515,60.128815,11.083466,1790.8336,282.43686
516,60.12934,11.084741,1780.5471,282.32257
517,60.12916,11.084134,1776.3638,280.6662
518,60.12977,11.084145,1770.7086,281.73807
519,60.12946,11.084747,1761.5873,285.32288
520,60.13007,11.084735,1755.1134,282.65216
521,60.13021,11.08404,1750.5345,285.40314
522,60.130432,11.085284,1744.5165,285.37067
523,60.130924,11.084969,1746.6549,283.99017
524,60.13118,11.085147,1730.0393,284.4943
525,60.1313,11.085296,1727.6616,286.3738
526,60.131496,11.085445,1720.1122,289.63144
527,60.132584,11.086226,1716.445,285.34406
528,60.13218,11.085897,1701.0132,289.93802
529,60.13298,11.086781,1695.7844,288.3315
530,60.13298,11.086933,1676.9714,289.1714
531,60.133087,11.086774,1683.5604,289.39752
532,60.133842,11.085484,1670.8507,293.3794
533,60.13396,11.087587,1654.3654,289.60864
534,60.134514,11.087165,1661.654,293.1402
535,60.135014,11.08649,1638.2023,291.05884
536,60.13459,11.087489,1642.5906,293.22415
537,60.13486,11.087202,1628.0669,292.67624
538,60.1356,11.088125,1616.7844,292.74014
539,60.13601,11.087977,1613.2212,294.9527
540,60.135994,11.08833,1601.0134,296.14624
541,60.1366,11.088522,1597.4462,295.71765
542,60.13672,11.08994,1594.0605,298.28458
543,60.136574,11.087524,1571.5881,291.42673
544,60.13708,11.087746,1567.4491,294.53888
545,60.1374,11.088255,1564.6365,295.66803
546,60.13785,11.088192,1556.684,295.0656
547,60.13802,11.088302,1553.5829,299.22244
548,60.138367,11.088443,1549.4056,298.37885
549,60.13875,11.088809,1550.253,298.47952
550,60.13913,11.08872,1551.7982,300.2055
551,60.139008,11.088686,1538.2756,299.713
552,60.139248,11.088885,1531.4215,301.34988
553,60.139755,11.089186,1509.302,301.35623
554,60.14006,11.089137,1495.7393,300.37424
555,60.140232,11.089073,1487.7566,302.99698
556,60.14007,11.089531,1478.2043,303.24258
557,60.140663,11.089157,1477.2042,303.258
558,60.141033,11.08945,1471.2045,304.42703
559,60.140804,11.090188,1463.3938,304.12225
560,60.14108,11.089274,1464.9441,305.80457
561,60.141445,11.089252,1459.6051,307.50388
562,60.141884,11.089614,1456.6799,305.4875
563,60.14165,11.089716,1449.3392,306.98492
564,60.142227,11.089701,1442.2334,308.2331
565,60.142437,11.089581,1429.5897,308.82333
566,60.14223,11.089463,1434.155,312.5765
567,60.14282,11.089692,1436.5508,310.58917
568,60.143154,11.089218,1420.8613,311.5767
569,60.143246,11.089168,1417.3942,310.2731
570,60.143772,11.089601,1410.5498,311.31207
571,60.143547,11.089589,1402.408,312.83984
572,60.143757,11.089859,1400.8956,313.48187
573,60.144333,11.089779,1395.7849,316.1266
574,60.1443,11.089949,1368.8431,314.08972
575,60.145214,11.089965,1383.2659,313.36227
576,60.1452,11.089874,1361.2239,317.53433
577,60.1452,11.090005,1355.1171,316.41656
578,60.14562,11.090132,1347.2388,315.54056
579,60.145847,11.090229,1339.8469,317.2449
580,60.14621,11.090379,1333.7692,319.06857
581,60.146534,11.090462,1341.4491,319.3132
582,60.146748,11.090099,1335.6963,320.71893
583,60.14716,11.090231,1315.7106,320.6614
584,60.147163,11.09048,1324.485,320.95523
585,60.14755,11.09027,1310.0406,319.92514
586,60.148045,11.09014,1308.8298,320.09995
587,60.14771,11.090505,1308.6753,324.84875
588,60.148426,11.090625,1297.7584,321.21112
589,60.14871,11.090853,1289.2551,319.5488
590,60.14893,11.090467,1289.1519,327.28137
591,60.14907,11.0907,1274.8,324.161
592,60.149284,11.090525,1275.4005,327.3242
593,60.149654,11.09096,1272.6083,326.50287
594,60.149944,11.091122,1262.8748,328.67804
595,60.149944,11.091179,1256.5812,327.0063
596,60.150814,11.09138,1243.6366,324.41177
597,60.151184,11.091176,1235.7726,329.94595
598,60.15122,11.091375,1233.1666,329.972
599,60.1514,11.091055,1229.5392,331.41443
600,60.151806,11.0914955,1207.9576,331.23743
601,60.152157,11.091568,1206.6832,330.61356
602,60.15231,11.091594,1215.9777,333.46118
603,60.152508,11.091984,1188.9762,332.00177
604,60.15297,11.0925865,1198.1324,333.88892
605,60.152992,11.092848,1170.4203,333.04184
606,60.153584,11.093309,1164.802,334.81372
607,60.153854,11.093504,1149.8424,335.01288
608,60.15426,11.093794,1139.5037,336.41205
609,60.15441,11.094187,1127.3972,335.47913
610,60.154545,11.094176,1128.8873,336.56464
611,60.154903,11.094545,1121.8057,340.8766
612,60.155334,11.094598,1104.6979,338.51575
613,60.155937,11.094782,1096.0604,343.76013
614,60.156387,11.095262,1094.8059,342.3348
615,60.156548,11.095428,1075.7849,345.51816
616,60.157265,11.09572,1071.1765,345.30814
617,60.157654,11.09606,1069.4008,343.90973
618,60.15792,11.096143,1058.6661,346.57065
619,60.158043,11.096017,1060.8838,346.27518
620,60.158424,11.095557,1050.0193,342.30258
621,60.15839,11.097208,1048.0878,345.40463
622,60.158794,11.096547,1038.3479,341.88272
623,60.159046,11.096338,1023.804,336.96857
624,60.159176,11.09659,1011.322,344.38214
625,60.15954,11.096523,1008.9494,346.0656
626,60.15982,11.096627,994.37,341.52994
627,60.16009,11.09686,983.42474,344.93344
628,60.160236,11.097102,965.1517,344.25735
629,60.160152,11.0974655,959.1513,347.17877
630,60.160698,11.0977955,934.78546,343.54233
631,60.16093,11.097972,941.24,346.22415
632,60.16113,11.098106,937.91327,346.45813
633,60.161446,11.098622,920.2041,342.4359
634,60.16196,11.099911,911.1431,347.30484
635,60.162476,11.098977,913.05426,349.86816
636,60.16273,11.099562,895.07916,354.05896
637,60.16322,11.099863,893.6371,355.14658
638,60.163383,11.099954,893.01404,355.30035
639,60.163864,11.1002245,906.9657,357.2168
640,60.164207,11.100431,881.53314,360.13522
641,60.164795,11.1008005,883.9408,354.67804
642,60.165302,11.101112,896.48413,352.14178
643,60.165783,11.101276,888.16626,353.35336
644,60.16628,11.101512,889.8127,354.29688
645,60.16687,11.10187,879.2174,353.75043
646,60.167194,11.10182,885.2683,351.61307
647,60.167435,11.102112,887.557,352.35565
648,60.16777,11.10246,860.16223,351.8111
649,60.168056,11.102703,866.63385,354.61215
650,60.168064,11.102863,891.92206,352.1286
651,60.168446,11.102978,896.4449,354.61554
652,60.168674,11.103209,848.75946,353.6604
653,60.168865,11.103099,881.1817,350.92807
654,60.169136,11.10344,877.0035,357.41458
655,60.169376,11.1037,850.87866,357.91525
656,60.169712,11.103906,859.8662,355.267
657,60.17021,11.104294,829.0084,356.41675
658,60.17065,11.104525,831.57983,358.3241
659,60.17014,11.104613,824.39545,362.78375
