lat,lon,alt,time
52.336876,4.723052,71.49679,0.0
52.33702,4.7235155,17.637365,0.9851495
52.337303,4.722886,0.0,1.9829861
52.33849,4.7225666,0.0,2.961063
52.33907,4.721842,0.0,3.9639516
52.339504,4.7213955,11.259651,4.9840765
52.33993,4.722064,9.122825,5.994623
52.341026,4.7226534,18.393278,6.9779887
52.34151,4.72187,22.093729,7.9375515
52.342403,4.722043,11.2348795,8.923881
52.342873,4.7224503,41.915924,9.922869
52.343742,4.7224092,119.513336,10.913193
52.344254,4.721419,159.58748,11.904322
52.34475,4.7216897,172.6365,12.93793
52.345608,4.7216735,222.62097,13.958686
52.34619,4.7214584,238.9177,14.977653
52.346867,4.7214503,279.39703,16.025202
52.347294,4.7222195,375.35703,17.025509
52.347927,4.7224674,404.81787,18.044935
52.348877,4.72251,434.2281,19.011028
52.34952,4.7225,475.75262,20.02778
52.35013,4.7220397,480.82523,21.037945
52.350998,4.7231417,527.2336,22.01484
52.35158,4.7232213,527.89197,23.007895
52.35203,4.7235036,542.6984,23.931486
52.352806,4.723243,552.29254,24.892853
52.353382,4.7240286,554.71606,25.932497
52.35404,4.7233763,570.55383,26.89582
52.354786,4.723653,619.8492,27.926397
52.35554,4.723817,626.97076,28.958344
52.35604,4.724839,656.61884,29.996868
52.35687,4.725267,669.77686,30.975483
52.35782,4.7247825,674.4918,32.04734
52.35841,4.7244487,648.89716,33.111805
52.358948,4.7250443,671.7813,34.126923
52.35982,4.725357,701.1915,35.132065
52.360546,4.7249293,783.3535,36.11585
52.36123,4.724418,784.3619,37.052113
52.36216,4.726536,827.5241,37.9628
52.362797,4.727207,886.0268,38.98887
52.363686,4.7266703,977.35315,39.96025
52.36443,4.726787,1028.7067,40.775993
52.365078,4.7275,1028.234,41.86596
52.366116,4.7277675,1104.3718,42.91852
52.366875,4.7271333,1115.5145,43.953373
52.36757,4.7276554,1078.7909,44.974094
52.368282,4.727261,1061.7207,45.994205
52.369305,4.7267976,1039.963,47.031147
52.369568,4.727386,1082.0693,48.05706
52.37056,4.727826,1106.149,49.15554
52.371353,4.728138,1121.4481,50.020554
52.372135,4.728176,1224.7922,50.97897
52.37257,4.728881,1247.5352,51.95289
52.373894,4.729322,1307.829,52.932945
52.37482,4.7291827,1353.6003,53.86172
52.375736,4.728926,1347.8939,54.941166
52.37637,4.728787,1372.1011,55.966328
52.377357,4.730429,1353.0432,56.98284
52.378445,4.7305083,1412.5006,57.85865
52.379124,4.730447,1477.5908,58.869225
52.379524,4.731637,1488.7382,59.907238
52.380558,4.7315164,1560.91,60.924355
52.38127,4.7321606,1617.5985,61.88237
52.38214,4.731913,1684.1514,62.848907
52.383324,4.732169,1704.3741,63.92862
52.38392,4.7333846,1694.9657,64.91813
52.38489,4.733479,1754.285,65.92144
52.38572,4.7337017,1744.1859,66.89656
52.38662,4.7331276,1827.4053,67.92693
52.387184,4.7343154,1885.7899,69.0542
52.388096,4.734768,1906.866,70.04558
52.38928,4.7355256,1929.9696,71.078415
52.390087,4.735321,1914.0428,72.12606
52.391148,4.7349324,1980.436,73.03476
52.391594,4.736342,1919.803,74.1555
52.392494,4.736571,2032.8359,75.1013
52.394012,4.7366567,2091.4226,76.291435
52.394268,4.7367435,2095.7886,77.17109
52.39548,4.7379317,2118.337,78.27835
52.3959,4.7381806,2141.3662,79.268326
52.396282,4.739259,2215.7144,80.23388
52.39763,4.74043,2326.0361,81.31116
52.39907,4.741213,2387.327,82.432884
52.399536,4.740773,2407.6787,83.58784
52.3999,4.743218,2388.6943,84.43048
52.401783,4.742992,2453.2266,85.43275
52.40252,4.7433333,2479.5808,86.42948
52.403008,4.7422223,2613.3918,87.25844
52.404217,4.7438326,2674.4937,88.42885
52.40533,4.7467117,2728.5967,89.09805
52.406586,4.7473836,2807.643,90.20899
52.40705,4.748958,2824.8418,91.00682
52.408375,4.7486663,2876.1543,92.06576
52.40866,4.7492948,2916.9521,93.09147
52.409622,4.7503633,2991.2527,94.09591
52.41102,4.7523584,3061.969,95.212524
52.411606,4.752981,3154.086,96.13941
52.412636,4.7539644,3196.6272,97.221596
52.413742,4.75449,3228.1245,98.26382
52.414494,4.7551003,3274.526,99.15377
52.41534,4.756683,3315.4639,100.16869
52.416237,4.757526,3344.1697,101.26738
52.417336,4.7594166,3404.4883,102.27742
52.41817,4.7607975,3500.1125,103.33621
52.418926,4.761843,3581.7861,104.330414
52.420048,4.7622085,3611.3638,105.47483
52.420868,4.763318,3607.637,106.44241
52.421734,4.7645316,3619.424,107.418144
52.423237,4.7654977,3704.05,108.515076
52.423744,4.766282,3769.229,109.55181
52.42457,4.7674193,3835.84,110.4594
52.425816,4.7699203,3909.9175,111.42726
52.426582,4.769532,3924.71,112.40488
52.427574,4.7711406,3971.6562,113.381454
52.428482,4.7720866,4013.3933,114.19914
52.429718,4.773123,4112.412,115.034706
52.430225,4.775135,4160.352,116.23514
52.43164,4.7760177,4222.6465,116.94453
52.43265,4.7777143,4247.5356,118.197845
52.432976,4.7791963,4315.0522,119.168945
52.434296,4.7809596,4342.357,119.85869
52.434696,4.780624,4431.0845,121.10313
52.435417,4.78194,4494.9346,121.89006
52.436478,4.784198,4532.153,122.95082
52.43773,4.7852073,4622.066,123.98516
52.438606,4.7877464,4674.9453,125.136375
52.439056,4.788856,4800.1055,126.08566
52.440125,4.7906175,4857.9873,127.148315
52.44089,4.791863,4878.954,128.19556
52.441734,4.7934365,4941.011,129.22488
52.44237,4.7951007,5023.8555,130.20752
52.443146,4.795986,5072.285,131.19872
52.443687,4.7977767,5132.793,132.04596
52.444485,4.7998624,5192.0083,132.98836
52.44553,4.801739,5265.615,134.06839
52.446033,4.801745,5344.77,135.02808
52.4466,4.8043003,5393.02,136.06235
52.44708,4.8074355,5505.9116,137.0677
52.44847,4.8082895,5560.367,137.90459
52.448868,4.8092093,5668.6646,139.2406
52.448902,4.8114676,5725.2783,140.1277
52.449684,4.8139706,5807.1646,141.03111
52.45018,4.8156,5834.9263,142.05576
52.450558,4.8170295,5883.6157,142.96208
52.45161,4.8194833,5952.531,144.04642
52.45188,4.8193054,6021.5737,144.86351
52.45217,4.8221445,6054.8286,146.02716
52.45271,4.8239236,6081.4355,146.86365
52.452885,4.8255525,6181.354,147.79915
52.452972,4.8279176,6251.002,148.95967
52.45356,4.8295712,6317.1016,150.11691
52.45373,4.832462,6391.0693,150.96996
52.45436,4.8339667,6444.289,151.81638
52.454453,4.835941,6535.7476,153.23141
52.45437,4.8370914,6658.047,153.91177
52.455353,4.8394647,6721.937,154.756
52.45586,4.841304,6780.646,155.87273
52.45591,4.8435817,6805.9497,156.75594
52.456264,4.8449545,6878.202,157.661
52.456833,4.845939,6966.8525,158.61649
52.456905,4.8488903,7049.0107,159.7527
52.457302,4.852709,7118.161,160.67357
52.457584,4.8547235,7199.856,161.91795
52.457897,4.856065,7283.216,162.80661
52.45793,4.858095,7356.1685,163.75847
52.45813,4.85964,7400.387,164.7063
52.458088,4.862467,7457.9497,165.68834
52.458694,4.864061,7496.6855,166.51234
52.458675,4.8661437,7531.4136,167.58179
52.458668,4.8687444,7580.598,168.28554
52.4589,4.8709126,7651.0273,169.32271
52.459435,4.87173,7732.36,170.47504
52.458813,4.8740773,7796.8994,171.4262
52.458794,4.8769298,7886.635,172.33928
52.459423,4.8795176,7909.675,173.29843
52.458824,4.8816595,8008.17,174.0437
52.459618,4.883168,7986.2954,175.17723
52.459614,4.8851886,8059.4165,175.94926
52.459816,4.887845,8110.192,177.06296
52.459625,4.890377,8200.402,178.11632
52.4595,4.892288,8277.544,179.15834
52.4599,4.8946185,8337.635,180.4358
52.459534,4.896333,8410.06,181.23793
52.45982,4.8992987,8442.266,182.38481
52.459152,4.9017186,8557.06,183.41281
52.459476,4.903022,8536.77,184.44043
52.459213,4.904179,8623.454,185.46404
52.459164,4.9063916,8710.193,186.5443
52.4589,4.9087253,8788.538,187.491
52.4585,4.9106393,8866.018,188.39539
52.458458,4.9130282,8945.464,189.51828
52.458225,4.9146624,9013.54,190.50269
52.45729,4.9176917,9131.937,191.68141
52.457245,4.9195204,9104.731,192.5399
52.45677,4.921106,9098.397,193.66449
52.45649,4.9241114,9172.344,194.51048
52.45595,4.9258156,9254.468,195.4955
52.455593,4.9276967,9353.827,196.47986
52.455185,4.9293976,9411.447,197.49347
52.45488,4.9315624,9460.366,198.40498
52.45456,4.9333725,9470.662,199.42995
52.453987,4.93576,9528.346,200.48442
52.453587,4.9373126,9563.518,201.5128
52.4532,4.9398637,9645.84,202.31372
52.4528,4.941474,9668.92,203.34352
52.452118,4.942673,9718.76,204.2961
52.451668,4.9453287,9780.06,205.42804
52.45093,4.9471703,9870.16,206.44853
52.450233,4.9489985,9927.889,207.42581
52.44951,4.951154,9954.091,208.38412
52.448933,4.9522004,9995.717,209.43059
52.448032,4.954276,10049.914,210.4807
52.44733,4.9565926,10128.193,211.4049
52.446304,4.9576106,10191.596,212.36072
52.445667,4.96001,10253.227,213.32965
52.444675,4.9621353,10314.981,214.3554
52.444126,4.9637322,10402.465,215.34496
52.44328,4.965003,10422.864,216.27448
52.442852,4.966993,10467.999,217.27986
52.441807,4.9688644,10523.403,218.37302
52.440823,4.970199,10570.791,219.33829
52.439888,4.9724097,10614.488,220.13388
52.43912,4.9739566,10637.225,221.22005
52.43856,4.97566,10678.993,222.17004
52.43732,4.977283,10735.876,223.0894
52.436607,4.9793024,10798.973,223.9135
52.435474,4.980855,10846.365,224.68121
52.434586,4.982546,10889.91,225.80734
52.433617,4.984153,10951.8545,226.69536
52.43302,4.9861608,11048.915,227.85103
52.43136,4.986641,11085.389,228.69968
52.430683,4.9891505,11157.1455,229.70692
52.42955,4.990676,11184.522,230.79202
52.42853,4.9920278,11210.668,231.51001
52.427803,4.9934125,11253.962,232.69012
52.42665,4.995082,11265.598,233.48463
52.425663,4.99656,11313.064,234.45515
52.424625,4.9986305,11333.243,235.4644
52.423622,5.0003366,11353.789,236.47269
52.422546,5.00186,11398.052,237.5552
52.421356,5.003813,11413.297,238.65799
52.420494,5.0060024,11452.454,239.43425
52.419064,5.0070114,11505.189,240.39873
52.418243,5.0091887,11554.096,241.38551
52.41709,5.0108404,11586.462,242.27972
52.41617,5.0122495,11580.28,243.18571
52.415314,5.014949,11619.291,244.1967
52.41395,5.015916,11671.558,244.9756
52.413002,5.0171075,11725.048,246.0223
52.412003,5.019084,11804.492,246.95457
52.411057,5.021183,11836.096,248.03098
52.40968,5.0227747,11896.656,249.20276
52.408493,5.0242653,11947.279,250.10646
52.406975,5.0263953,11958.543,251.05998
52.406223,5.0287247,12026.513,252.08723
52.405502,5.0297914,12057.105,253.25127
52.403854,5.0310254,12097.047,254.26598
52.403233,5.033071,12118.57,255.3459
52.40165,5.034924,12149.247,256.45975
52.40074,5.0361056,12170.818,257.2164
52.399796,5.0381384,12202.092,258.31558
52.398632,5.0396705,12223.512,259.2953
52.3974,5.0418506,12266.989,260.3316
52.396095,5.0431876,12324.304,261.44315
52.39538,5.044767,12324.537,262.35794
52.393723,5.046312,12394.682,263.54306
52.392883,5.0487742,12451.365,264.44843
52.391926,5.050064,12515.935,265.37195
52.390774,5.0515313,12582.783,266.58
52.388996,5.0546703,12574.031,267.46017
52.388653,5.0556545,12598.921,268.3666
52.387875,5.058474,12592.671,269.5267
52.386066,5.0597763,12648.077,270.44547
52.385555,5.062032,12697.935,271.61304
52.384315,5.064438,12705.687,272.64825
52.383175,5.066148,12768.573,273.70108
52.3821,5.0681324,12830.144,274.7413
52.38098,5.0698333,12850.684,275.72873
52.379807,5.0710735,12871.341,276.7752
52.378677,5.073811,12928.608,277.84497
52.37781,5.074958,12986.093,278.72528
52.37632,5.077036,13046.291,279.5632
52.37535,5.0791154,13110.546,280.63724
52.374527,5.0809555,13159.0205,281.62128
52.373367,5.0820236,13212.558,282.61823
52.37169,5.0844927,13250.127,283.64304
52.371025,5.086828,13271.504,284.74554
52.370026,5.0889425,13322.545,285.84412
52.368633,5.0901747,13391.758,286.90143
52.36795,5.092072,13451.943,288.0248
52.366768,5.093922,13487.607,288.84988
52.365788,5.095846,13522.845,289.83255
52.36441,5.098579,13586.156,290.7418
52.3639,5.0999627,13637.408,291.99222
52.362602,5.103374,13684.071,292.16226
52.36124,5.1046042,13749.76,293.22766
52.360455,5.106624,13774.903,294.16183
52.358707,5.10918,13892.221,295.44525
52.3577,5.111189,13949.378,296.46368
52.356525,5.1133323,14019.919,297.401
52.355507,5.1152244,14098.141,298.61044
52.35463,5.1168017,14067.452,299.43466
52.35314,5.118606,14178.959,300.2665
52.35289,5.120667,14223.562,301.4991
52.351177,5.1231794,14270.011,302.31485
52.350224,5.1246915,14346.072,303.24518
52.348915,5.1273184,14389.135,304.17673
52.347553,5.1289845,14408.701,305.30597
52.346573,5.131126,14460.115,306.19342
52.345657,5.132662,14514.143,307.28278
52.344402,5.135767,14576.17,308.196
52.34284,5.1373177,14661.199,309.2572
52.34201,5.139518,14695.963,310.07562
52.34115,5.1408405,14742.171,311.30118
52.339867,5.1428375,14760.108,312.3712
52.338654,5.144626,14791.595,313.26428
52.337963,5.1467867,14868.985,314.33548
52.336517,5.1491,14936.821,315.4717
52.3355,5.150024,15004.69,316.3532
52.3343,5.153118,15035.199,317.5654
52.33285,5.1548285,15112.325,318.8324
52.33136,5.1575994,15146.1,319.57593
52.330307,5.1597576,15211.0625,320.61945
52.32906,5.1615224,15280.158,321.68805
52.32831,5.1637883,15311.58,322.6468
52.32677,5.165515,15317.288,323.50003
52.326252,5.167711,15380.992,324.7456
52.324883,5.16923,15415.271,325.64877
52.323696,5.1706,15459.631,326.69452
52.322273,5.1739063,15489.866,327.66043
52.321682,5.1760435,15555.963,328.65027
52.32075,5.178738,15614.732,329.5716
52.318844,5.181015,15667.723,330.5779
52.318314,5.1819773,15735.982,331.65747
52.31674,5.184582,15784.893,332.8794
52.315,5.1872697,15834.386,333.72723
52.314495,5.189502,15905.748,334.81287
52.313522,5.1913514,15962.418,335.92047
52.312214,5.1951795,16017.931,336.0771
52.310986,5.197093,16071.528,336.88242
52.310013,5.198615,16058.799,338.17316
52.309006,5.201726,16136.956,339.10446
52.30777,5.2023087,16134.912,340.23645
52.30664,5.2055354,16163.607,341.0715
52.305447,5.2077937,16183.876,342.2571
52.30427,5.209115,16221.805,343.02298
52.303104,5.2126336,16256.644,344.13504
52.30189,5.214367,16291.451,345.45303
52.300816,5.2162924,16365.324,346.133
52.299675,5.2178845,16394.045,347.20203
52.298622,5.219889,16484.258,348.17453
52.29755,5.221626,16562.11,349.07132
52.29635,5.2247715,16615.73,350.302
52.29519,5.2265763,16659.537,351.1406
52.294003,5.228489,16705.338,352.42847
52.293106,5.2309475,16757.123,353.21048
52.291813,5.232454,16815.95,354.12488
52.290524,5.234915,16833.656,355.3095
52.289333,5.2368255,16911.441,356.36996
52.28787,5.2385664,16988.78,357.4987
52.286934,5.2408795,17021.982,358.34326
52.286083,5.2432404,17063.492,359.36368
52.28477,5.2450175,17081.314,360.5654
52.28339,5.2469535,17127.893,361.60312
52.28213,5.2499332,17151.967,362.50018
52.28114,5.2518616,17219.494,363.4794
52.279945,5.2541785,17294.852,364.5932
52.278683,5.2552395,17334.133,365.47028
52.277527,5.2572227,17382.574,366.59286
52.27631,5.259677,17439.193,367.61407
52.275234,5.261774,17452.488,368.50244
52.27399,5.264588,17519.678,369.3831
52.272774,5.266501,17595.908,370.56396
52.271873,5.26881,17647.01,371.5091
52.270668,5.2710114,17724.252,372.4213
52.26943,5.274093,17749.256,373.66327
52.268036,5.276399,17777.895,374.67197
52.266678,5.278665,17844.72,375.756
52.265682,5.2803516,17920.744,376.74216
52.2641,5.2831345,18012.559,377.69046
52.262894,5.2857413,18055.477,378.61627
52.26189,5.2871356,18111.986,379.6819
52.260605,5.2894435,18139.893,380.61325
52.259632,5.2917542,18186.508,381.65717
52.258305,5.2952213,18236.723,382.70105
52.2569,5.297919,18290.693,383.5977
52.25586,5.2993574,18298.15,384.49396
52.254696,5.3007684,18364.957,385.3829
52.253498,5.303544,18419.793,386.5683
52.252422,5.30547,18511.975,387.69058
52.251087,5.3079147,18571.918,388.58298
52.25019,5.309376,18649.479,389.68085
52.24888,5.3119016,18669.205,390.65265
52.247543,5.3148146,18709.258,391.64703
52.246765,5.3155384,18741.002,392.68646
52.245037,5.318291,18789.861,393.50668
52.243946,5.3203,18857.445,394.68988
52.242653,5.32216,18901.96,395.61127
52.241665,5.324466,19005.26,396.7158
52.240173,5.3265224,19029.11,397.7546
52.238655,5.329438,19049.824,398.69586
52.23821,5.331196,19105.322,399.86884
52.236565,5.334257,19172.68,400.82712
52.235596,5.335325,19188.55,401.9539
52.234585,5.337482,19212.627,402.88312
52.233326,5.339709,19253.09,403.9322
52.232166,5.342219,19301.06,404.96927
52.231026,5.3444996,19328.436,405.86807
52.229836,5.3468933,19380.12,406.59964
52.228436,5.34856,19441.627,407.9306
52.227066,5.3514476,19487.443,409.04166
52.22578,5.3535075,19514.19,409.9505
52.224777,5.35564,19561.256,410.60596
52.22321,5.3586335,19589.793,411.8193
52.222584,5.3593388,19656.648,412.9076
52.220863,5.361031,19660.852,414.0374
52.21976,5.364288,19732.043,415.14395
52.218315,5.3671207,19765.463,416.08948
52.217136,5.3689,19794.016,416.98682
52.216045,5.368658,19851.57,417.7347
52.21479,5.3720345,19863.25,419.16425
52.213837,5.3748665,19928.936,419.70578
52.212864,5.3771396,19970.816,420.61884
52.211544,5.377932,20037.346,421.64078
52.21023,5.3806944,20098.188,422.86023
52.20876,5.3834934,20146.305,423.81378
52.208,5.3854117,20185.424,424.79678
52.206543,5.3881273,20235.379,425.13412
52.20512,5.391524,20282.2,426.425
52.204323,5.3933387,20317.01,427.4962
52.202915,5.394403,20391.373,428.43555
52.201473,5.3976736,20406.393,429.16223
52.20023,5.3996496,20461.445,429.99048
52.199062,5.4016976,20478.285,430.9789
52.197536,5.4041686,20521.125,431.99564
52.19627,5.407019,20572.512,433.26886
52.195175,5.408766,20610.514,434.15668
52.194225,5.4103394,20644.596,435.15363
52.19272,5.41227,20671.281,436.2024
52.191566,5.4161,20697.217,437.34265
52.190067,5.417421,20730.945,438.15234
52.188763,5.420394,20783.697,439.30972
52.187584,5.421218,20820.42,440.17032
52.18661,5.424987,20852.65,440.8991
52.18504,5.426612,20920.516,442.00067
52.18354,5.429645,20943.992,442.76215
52.18263,5.4316845,20999.275,443.958
52.18118,5.432858,21007.635,444.77594
52.179462,5.435697,21041.574,445.67966
52.17847,5.4381795,21115.08,446.80243
52.17685,5.440219,21186.436,447.67526
52.17609,5.442452,21223.07,448.75104
52.174416,5.44385,21268.688,449.7076
52.173397,5.44702,21326.729,450.8006
52.17197,5.4495645,21387.992,451.83826
52.170826,5.451116,21411.098,452.9189
52.169445,5.451942,21458.799,453.8044
52.168083,5.455704,21482.898,454.9173
52.167244,5.45934,21525.797,455.94077
52.16559,5.459831,21575.713,456.93448
52.164413,5.461465,21627.367,457.93872
52.163387,5.4649315,21636.39,458.90204
52.161835,5.4664984,21672.854,459.9381
52.160637,5.4678087,21695.865,460.7674
52.159107,5.4708557,21725.393,461.83798
52.15764,5.472486,21723.516,462.78082
52.156326,5.4751406,21741.932,463.7126
52.155327,5.4774394,21800.508,464.956
52.15403,5.4801,21853.387,465.73053
52.152843,5.481244,21889.92,466.91785
52.15131,5.484182,21929.549,467.98218
52.15014,5.4869194,21998.35,468.84753
52.148743,5.4888806,22029.41,469.88196
52.147614,5.490722,22070.209,470.861
52.146572,5.493174,22105.533,472.02936
52.145348,5.4947104,22132.234,472.98123
52.14394,5.4969916,22165.773,473.97662
52.142303,5.5003896,22222.748,474.57425
52.14192,5.501608,22261.693,475.98132
52.140068,5.504508,22301.908,476.84134
52.138496,5.5073423,22349.45,478.27707
52.137096,5.5105834,22384.834,479.21027
52.135918,5.5117664,22455.75,479.636
52.134613,5.513581,22510.254,481.73248
52.133144,5.515392,22593.902,482.07812
52.132015,5.5176826,22624.057,483.14023
52.130783,5.520373,22641.938,484.13034
52.129513,5.522335,22665.63,485.1365
52.12825,5.524761,22708.129,486.08713
52.12716,5.5270257,22732.275,487.13852
52.125484,5.5283036,22762.191,488.38226
52.12446,5.530857,22827.162,488.92334
52.122784,5.5333242,22889.28,490.01593
52.122,5.5336165,22932.412,491.6606
52.11936,5.539425,22930.877,492.17404
52.119244,5.539744,22977.28,492.47934
52.118587,5.543441,22995.262,494.1625
52.11665,5.5452313,23017.938,495.17493
52.115765,5.5484977,23075.145,496.1814
52.113777,5.5492,23153.902,497.00027
52.11243,5.551914,23193.502,498.13828
52.1108,5.55454,23243.95,499.01508
52.1097,5.5556173,23322.092,499.99377
52.108524,5.55868,23370.568,501.2011
52.106747,5.5608974,23400.867,502.26
52.105263,5.563638,23421.451,503.23883
52.104053,5.56507,23439.566,503.85254
52.10282,5.5685415,23484.105,505.26013
52.10105,5.5703454,23543.645,506.1604
52.10002,5.572667,23564.137,506.86295
52.099266,5.574207,23602.143,508.0139
52.097263,5.5770216,23682.79,509.36057
52.096077,5.5783215,23711.873,509.9661
52.09526,5.581504,23726.234,511.16516
52.093475,5.583115,23740.477,512.0685
52.092125,5.585801,23767.84,513.0418
52.090797,5.587631,23797.889,514.07654
52.0894,5.5905685,23836.658,515.26117
52.08803,5.594623,23869.541,516.1972
52.086605,5.5946994,23911.023,517.1896
52.08527,5.597523,23974.348,518.05115
52.083775,5.6000533,24010.3,519.1172
52.083042,5.601701,24048.969,520.0462
52.0813,5.6054516,24032.31,521.0487
52.080036,5.6085076,24073.85,522.3365
52.078598,5.608856,24140.227,523.0199
52.07676,5.6111355,24172.01,524.4507
52.07559,5.61349,24215.201,525.21484
52.074703,5.6164093,24252.787,526.1467
52.07311,5.6187534,24284.688,527.10406
52.07198,5.619875,24324.584,528.33124
52.070396,5.6223974,24379.309,529.2032
52.069008,5.6245375,24414.285,530.21844
52.067482,5.6275473,24450.662,530.7283
52.06654,5.6285996,24484.482,531.95715
52.065052,5.632439,24508.52,533.47974
52.06269,5.6333666,24555.17,534.03094
52.06146,5.6362085,24562.14,535.3369
52.060513,5.639821,24608.176,535.8364
52.05904,5.6405473,24650.812,537.1824
52.057556,5.642742,24672.92,537.5674
52.056053,5.6442785,24691.312,539.3797
52.054764,5.6480002,24719.566,540.2154
52.053104,5.649802,24762.363,540.89606
52.052105,5.6528378,24779.154,542.1055
52.05079,5.6516805,24838.58,542.30756
52.049232,5.6534634,24873.322,544.58344
52.0482,5.6582265,24934.533,544.465
52.046238,5.6608686,24960.555,546.01184
52.044724,5.662289,25005.69,547.13934
52.04292,5.6648483,25043.639,547.80786
52.041893,5.667324,25078.928,548.8886
52.04079,5.670817,25084.977,550.0797
52.038887,5.6710677,25086.943,551.19977
52.037834,5.67405,25167.688,551.94446
52.0359,5.677109,25179.656,553.2657
52.0346,5.679256,25209.613,553.96844
52.033825,5.68042,25218.943,555.1454
52.03268,5.6827664,25229.58,556.17694
52.03093,5.6850753,25288.5,557.13654
52.029526,5.6875043,25317.906,558.2837
52.028145,5.689804,25364.496,558.9722
52.026512,5.691814,25378.72,560.1032
52.025314,5.693931,25395.602,561.1737
52.023827,5.697748,25447.412,562.0306
52.0227,5.698996,25471.787,563.0378
52.021347,5.7015295,25514.697,564.1116
52.01964,5.702738,25533.291,565.0667
52.01845,5.705543,25583.178,566.0613
52.01667,5.7077985,25615.89,567.1445
52.016182,5.7104316,25695.295,568.2813
52.014233,5.712905,25672.164,569.0493
52.012707,5.7137003,25699.236,569.9191
52.011192,5.7169886,25738.486,570.7927
52.009888,5.7196674,25761.088,572.0457
52.008656,5.7209044,25818.055,572.9114
52.006695,5.722778,25854.994,574.02905
52.005444,5.7250166,25886.473,575.05676
52.004536,5.72794,25906.494,575.922
52.002716,5.729257,25940.914,576.7208
52.00105,5.7309694,26004.1,577.6471
51.999508,5.733777,26027.26,578.99457
51.997826,5.736258,26072.096,580.0485
51.996593,5.738742,26081.402,580.92664
51.995243,5.7410574,26128.992,581.8656
51.993908,5.743182,26144.777,582.7913
51.99193,5.7455697,26199.809,584.1121
51.991478,5.7478275,26251.217,584.87756
51.989124,5.749657,26268.012,585.9662
51.987545,5.751745,26313.914,586.98315
51.985962,5.754281,26345.002,587.9802
51.98447,5.756591,26364.838,588.96124
51.983795,5.7592044,26397.404,590.003
51.98196,5.7612453,26426.553,590.9903
51.981144,5.7637076,26472.943,592.0492
51.97931,5.7654343,26494.758,593.2589
51.977867,5.7682114,26525.14,593.8981
51.976276,5.7708154,26545.479,595.00104
51.975258,5.7741947,26536.338,596.1044
51.974728,5.7747364,26651.363,597.13696
51.971603,5.7767496,26619.027,597.9567
51.970455,5.778909,26673.465,599.1625
51.968895,5.782291,26692.025,600.1362
51.967964,5.7851233,26784.709,600.9059
51.966057,5.7856193,26819.477,601.99786
51.96402,5.787305,26848.703,603.14246
51.963367,5.788581,26889.021,604.0753
51.960705,5.7932534,26868.611,604.9185
51.961514,5.796704,26962.861,606.2919
51.959007,5.7968984,26908.762,606.96564
51.95709,5.7974234,26957.768,607.7513
51.95697,5.801009,27049.793,609.44586
51.95437,5.8039865,26981.412,610.02167
51.953384,5.805576,27056.855,611.0814
51.95138,5.807636,27130.605,611.97144
51.950138,5.810093,27144.818,613.01013
51.94877,5.8133426,27158.307,614.02954
51.946938,5.815252,27174.139,615.23065
51.945156,5.817594,27205.486,615.9725
51.944016,5.81962,27231.592,617.023
51.94318,5.8218713,27295.975,618.183
51.94136,5.8255763,27265.477,619.37396
51.93997,5.8276258,27309.99,620.0901
51.93841,5.8304973,27319.1,621.09204
51.93624,5.8316617,27372.115,622.32434
51.934525,5.834001,27458.156,623.0878
51.93355,5.8366265,27473.963,624.04535
51.931717,5.838099,27513.871,624.86505
51.930107,5.840798,27535.098,626.0949
51.928535,5.842357,27561.283,627.1764
51.92746,5.844078,27568.18,627.9428
51.926014,5.8475685,27581.951,629.0673
51.924873,5.849508,27615.564,629.9703
51.923367,5.8518353,27676.256,630.84015
51.921547,5.8530846,27703.541,632.03687
51.92041,5.8565054,27724.21,632.84155
51.918583,5.8582945,27756.322,633.83905
51.917046,5.8606167,27787.953,635.0134
51.915558,5.8620214,27811.232,635.93146
51.913742,5.86468,27811.572,637.02057
51.912613,5.8667555,27841.879,637.93243
51.911083,5.86937,27881.07,638.97485
51.90934,5.87139,27923.057,640.05756
51.907944,5.873999,27968.756,641.0749
51.906292,5.87583,28015.854,642.04895
51.90481,5.8781514,28047.666,642.75635
51.90298,5.8811226,28047.39,643.9673
51.902866,5.883171,28142.566,645.1868
51.89998,5.8857074,28079.28,645.9402
51.898743,5.887802,28143.635,646.96924
51.89714,5.8893523,28192.93,648.0735
51.89587,5.891485,28248.422,648.77966
51.89408,5.893763,28245.645,650.0243
51.892586,5.8962784,28255.514,650.86847
51.892136,5.898964,28355.062,651.901
51.88974,5.900341,28294.676,652.90027
51.888237,5.90218,28335.47,653.6122
51.886753,5.9051666,28378.996,654.81195
51.884872,5.9062557,28384.355,655.79425
51.884933,5.9093947,28507.773,657.0845
51.881588,5.911875,28439.271,657.944
51.880657,5.914023,28509.424,659.06024
51.878826,5.916203,28527.9,659.94275
51.877308,5.918113,28518.088,660.65234
51.87627,5.9205637,28594.58,661.77344
51.87462,5.921827,28593.607,662.7643
51.872707,5.92433,28668.576,663.7326
51.870766,5.92548,28677.926,664.7821
51.869568,5.9295554,28767.285,665.73834
51.867702,5.9304986,28755.205,666.7472
51.866535,5.932672,28788.615,668.4818
51.865677,5.938416,28812.275,666.2481
51.865097,5.9395723,28962.066,667.6543
51.86201,5.941945,28858.924,668.7224
51.86051,5.9445424,28934.52,669.93604
51.859196,5.9467754,28993.271,670.6145
51.857246,5.94808,28980.258,671.48193
51.855526,5.9504833,28985.664,672.4995
51.854332,5.9525146,29038.842,673.1431
51.852917,5.954442,29092.717,674.7835
51.850864,5.956797,29078.482,675.435
51.849514,5.958817,29107.754,676.54425
51.848095,5.961126,29134.162,677.28296
51.846207,5.9641795,29106.293,678.48694
51.845726,5.9655623,29232.545,679.76904
51.843246,5.9668536,29202.361,680.66095
51.84179,5.9695024,29209.13,681.32263
51.84021,5.9709954,29277.752,682.27606
51.838497,5.9747763,29270.04,683.8649
51.836956,5.976065,29298.193,684.29645
51.835457,5.978187,29320.854,685.3772
51.833874,5.9814296,29367.88,686.5013
51.83256,5.9832783,29425.621,687.5251
51.830563,5.9854445,29417.008,688.5248
51.82943,5.986994,29479.95,689.3897
51.8267,5.9900885,29503.838,690.3597
51.826008,5.991949,29533.37,691.1322
51.824635,5.9952188,29562.21,692.4022
51.82256,5.9954453,29586.516,693.1103
51.820663,5.998461,29597.35,694.43066
51.819695,6.00101,29652.055,695.2264
51.818184,6.0032244,29646.967,696.3618
51.817898,6.0053463,29795.299,697.6088
51.814835,6.007169,29701.129,698.43225
51.81291,6.009509,29754.42,699.04785
51.811424,6.011993,29783.451,700.00464
51.809673,6.014666,29804.57,701.2547
51.808216,6.016159,29854.5,702.6186
51.806248,6.018355,29847.016,703.16504
51.805107,6.021154,29908.0,704.35803
51.803276,6.022823,29934.45,705.3038
51.80181,6.025291,29929.115,706.23175
51.800488,6.028004,29991.809,707.3334
51.798237,6.0294685,30005.715,708.2729
51.797222,6.0315337,30049.492,709.303
51.79543,6.0330853,30059.46,710.4412
51.794075,6.03614,30086.188,711.42523
51.792465,6.0381017,30142.139,712.6083
51.79054,6.0406494,30137.426,713.13885
51.78876,6.043551,30146.152,714.25903
51.787926,6.0454307,30222.521,715.47577
51.786335,6.0475116,30244.646,716.70355
51.78396,6.0496483,30262.266,717.4619
51.782547,6.0508256,30308.594,718.1159
51.78117,6.0534253,30325.15,719.33777
51.77932,6.055505,30346.984,720.283
51.77777,6.058424,30354.037,721.1595
51.77657,6.0604506,30459.86,722.6168
51.77458,6.0624623,30419.307,723.4001
51.773148,6.06354,30449.65,724.2283
51.770958,6.0663385,30488.79,725.29083
51.769554,6.0688214,30507.025,726.3525
51.76805,6.0701704,30518.133,727.27563
51.76731,6.073631,30658.664,728.46173
51.76476,6.0751896,30539.46,729.0318
51.76328,6.077219,30587.818,730.4209
51.76223,6.0787044,30639.549,731.22723
51.75935,6.080671,30658.416,732.2108
51.75801,6.0837646,30666.379,733.39984
51.756172,6.085547,30693.879,734.5922
51.754936,6.0874104,30716.438,735.3596
51.75277,6.089808,30732.607,736.5073
51.75125,6.092634,30745.168,737.34863
51.751137,6.0947924,30905.156,738.8675
51.749607,6.0979757,30894.889,739.854
51.74657,6.097893,30800.467,740.5657
51.745213,6.1005063,30919.078,741.60077
51.743206,6.103039,30905.934,742.14795
51.741844,6.103765,30941.346,743.473
51.739834,6.1064157,30970.416,744.42474
51.738083,6.1091833,31009.951,745.1994
51.736866,6.111375,31041.77,746.3255
51.735203,6.113327,31062.906,747.2898
51.73308,6.1150727,31088.607,748.28174
51.73154,6.1174254,31116.035,749.404
51.729977,6.12051,31152.291,750.46454
51.72827,6.1211853,31171.781,751.4728
51.726448,6.123934,31188.006,752.4929
51.724915,6.1256075,31223.564,753.5743
51.723072,6.127936,31238.6,754.61145
51.721634,6.130099,31224.969,755.38715
51.7214,6.1324844,31435.502,757.027
51.71816,6.134808,31235.615,757.92596
51.717373,6.1381397,31405.367,758.81195
51.715004,6.137615,31354.156,759.1735
51.71298,6.140698,31396.736,760.6403
51.71132,6.142316,31441.16,761.62585
51.70977,6.144894,31459.701,762.47723
51.7086,6.146745,31481.361,763.4845
51.70629,6.149475,31489.98,764.4322
51.705986,6.1511254,31594.654,765.78845
51.70331,6.1533284,31523.965,766.52997
51.70183,6.1551948,31598.588,767.2604
51.699905,6.157517,31627.805,768.6684
51.698536,6.1596212,31656.7,769.6086
51.696316,6.161026,31688.684,770.5015
51.694508,6.162876,31719.188,771.54846
51.693672,6.1656494,31757.58,772.472
51.69142,6.1684985,31775.613,773.58075
51.68942,6.169577,31775.502,774.4272
51.689247,6.173045,31928.543,776.3117
51.68645,6.1735687,31835.455,776.75745
51.684685,6.1757627,31869.16,777.72723
51.683487,6.1795382,31942.12,778.812
51.681313,6.1796937,31951.283,779.6586
51.679413,6.182243,31971.703,780.71906
51.678104,6.184584,32000.93,781.81415
51.675938,6.1865,31993.432,782.6368
51.674747,6.18938,32060.783,783.4795
51.6728,6.1912665,32063.463,785.0379
51.671196,6.1931047,32114.521,785.8981
51.66924,6.1955967,32134.197,786.6458
51.667606,6.1969123,32157.227,787.7471
51.665806,6.1985884,32205.29,788.75555
51.664265,6.201064,32231.924,789.57715
51.662567,6.202693,32259.168,790.65466
51.66061,6.2054267,32272.258,792.1016
51.6598,6.2077746,32318.143,792.83954
51.6579,6.2094526,32343.523,793.49866
51.65583,6.2112446,32373.35,794.72577
51.654,6.2135534,32404.932,795.79504
51.65262,6.216057,32402.46,796.8612
51.650993,6.2177305,32395.568,797.7994
51.65043,6.2204776,32531.336,799.1827
51.647476,6.2216167,32443.332,799.913
51.64577,6.224006,32497.1,800.5568
51.644337,6.2261376,32551.504,801.7907
51.641937,6.2272987,32575.646,802.9425
51.640537,6.2307463,32597.498,803.80597
51.640102,6.233448,32709.502,805.07446
51.636738,6.234556,32632.307,805.9281
51.635582,6.234418,32761.89,807.01215
51.635544,6.246161,32761.145,801.73114
51.63396,6.2461686,32790.72,802.00586
51.63138,6.249999,32818.88,803.0104
51.630177,6.251593,32832.7,804.0524
51.629433,6.252374,32931.582,805.46454
51.626682,6.2544355,32909.64,805.72186
51.625057,6.2563534,32954.09,806.81445
51.6234,6.2589536,32989.883,807.8977
51.621773,6.2611885,33021.043,808.77875
51.619556,6.2631145,33039.79,810.4275
51.618176,6.2646065,33046.133,811.0994
51.617657,6.2669506,33128.09,812.34406
51.614746,6.2678986,33080.438,813.22565
51.613716,6.271497,33156.695,814.576
51.61225,6.273476,33201.723,815.372
51.60984,6.2749214,33182.984,816.1312
51.607437,6.27673,33233.918,816.7175
51.606552,6.279444,33244.953,818.23517
51.60448,6.280115,33281.633,818.89124
51.603275,6.283815,33330.227,819.9147
51.60103,6.2860856,33336.63,820.8762
51.599167,6.2862267,33356.605,822.03186
51.598457,6.289012,33447.38,823.4137
51.595787,6.2915792,33440.965,823.93414
51.59371,6.2926974,33468.53,825.1218
51.592056,6.2957416,33504.723,826.0364
51.59107,6.2970705,33523.234,826.8484
51.589214,6.2988486,33568.67,828.1507
51.58688,6.3018413,33589.81,828.9865
51.585304,6.3032193,33617.355,830.0937
51.58359,6.30586,33657.848,831.05994
51.581913,6.306849,33683.36,832.2858
51.580067,6.308925,33711.973,833.1444
51.578583,6.3114686,33759.78,834.1581
51.57686,6.3128486,33791.188,835.1189
51.576164,6.3142066,33812.535,836.4249
51.5731,6.317133,33804.05,837.1211
51.571636,6.3180747,33834.242,837.81824
51.569614,6.320429,33876.8,839.4014
51.567856,6.3215513,33931.625,840.24664
51.566025,6.324565,33988.406,841.3136
51.56422,6.3277607,34005.215,842.4754
51.56223,6.3286996,34018.824,843.2689
51.561306,6.3301816,34051.562,843.5923
51.559708,6.33239,34050.824,845.80554
51.55858,6.3342285,34093.92,846.25494
51.555958,6.335709,34121.67,847.2438
51.5556,6.338755,34130.703,849.0752
51.552223,6.34072,34180.72,849.4734
51.55092,6.3421454,34230.137,850.3906
51.549377,6.3439283,34264.9,851.5194
51.546833,6.3463845,34288.33,852.009
51.545437,6.346991,34311.418,853.42096
51.543575,6.3506036,34334.258,853.71625
51.542446,6.352274,34364.652,855.4739
51.540035,6.353339,34401.715,856.4789
51.538555,6.3545184,34446.812,857.23737
51.53637,6.358053,34455.66,858.30835
51.53544,6.3590765,34452.254,859.2293
51.53384,6.3617563,34483.22,860.04083
51.53187,6.3634396,34558.54,861.04767
51.529408,6.365866,34572.29,862.52
51.52776,6.3672576,34633.01,863.0758
51.52643,6.3691096,34644.4,864.2957
51.5247,6.3697467,34642.348,865.45715
51.52381,6.372244,34667.133,865.6639
51.521366,6.3755827,34693.406,867.15137
51.519543,6.3762093,34744.957,868.40137
51.51715,6.3788686,34782.703,868.94977
51.516224,6.379691,34813.332,870.1592
51.5146,6.3820825,34823.215,871.28735
51.513447,6.3838224,34848.477,872.42474
51.51045,6.3864884,34902.32,873.0588
51.509,6.3871493,34921.492,874.1108
51.50756,6.389893,34963.957,875.23834
51.505596,6.3922486,34983.05,876.2236
51.503677,6.3934627,35003.91,877.27344
51.50212,6.395972,35026.695,878.63574
51.500378,6.3970757,35044.504,879.2377
51.49889,6.3988953,35074.062,879.6254
51.496403,6.3994937,35092.83,881.6166
51.495342,6.4026346,35148.465,882.38025
51.493526,6.406116,35195.55,883.3964
51.494015,6.4051733,35163.63,885.2926
51.488743,6.4091,35232.844,885.4898
51.487015,6.409672,35236.086,886.0138
51.488716,6.4134235,35229.97,887.84247
51.484024,6.4144387,35305.242,888.0835
51.483196,6.416133,35325.24,889.72003
51.48136,6.4176116,35352.58,890.8746
51.48012,6.418747,35307.965,891.73096
51.477444,6.4222097,35401.086,892.1645
51.477345,6.4227557,35395.418,893.5579
51.475388,6.425303,35408.207,895.1213
51.47159,6.424442,35506.676,895.63086
51.47135,6.4293184,35510.25,896.9723
51.46944,6.4298677,35522.44,897.79504
51.466633,6.4326406,35532.652,898.8895
51.465645,6.4344926,35518.465,899.57007
51.463154,6.4356766,35586.0,901.09814
51.461624,6.4372435,35638.35,901.7408
51.46026,6.4393716,35654.58,902.7322
51.458874,6.442251,35641.51,903.8288
51.456867,6.441341,35695.926,904.6438
51.455204,6.444795,35699.258,905.75006
51.45275,6.4466867,35760.047,906.7235
51.45147,6.448906,35769.043,907.87537
51.449577,6.449805,35796.477,908.50604
51.448235,6.4527264,35825.46,909.6534
51.445778,6.453346,35858.18,910.94293
51.444866,6.456553,35885.195,911.7884
51.442413,6.4579916,35895.305,912.8435
51.44081,6.4607186,35922.453,913.72845
51.43901,6.4605246,35969.223,914.9598
51.438698,6.463129,35915.086,915.7209
51.4361,6.4662657,35995.156,916.8922
51.434296,6.4671683,35948.41,918.0163
51.432484,6.468757,36033.8,918.54645
51.430145,6.471114,36043.67,919.6503
51.429012,6.472936,36055.94,920.9227
51.425938,6.475008,36069.184,921.7986
51.426277,6.476116,36092.54,922.8967
51.423336,6.4759855,36121.035,923.9073
51.42041,6.4807467,36116.164,924.717
51.420364,6.481683,36153.28,925.39215
51.418617,6.483973,36189.574,927.12585
51.41509,6.4837346,36225.13,927.9136
51.414837,6.4870853,36240.098,928.81744
51.41342,6.4881296,36282.348,929.6268
51.412712,6.4906793,36161.77,930.8763
51.409885,6.4934106,36295.816,932.15967
51.408028,6.4934077,36324.152,933.0388
51.406017,6.4955006,36335.984,934.25354
51.404007,6.496997,36328.2,934.6095
51.403305,6.500443,36342.656,935.839
51.40144,6.501897,36389.375,936.57434
51.398956,6.5016747,36427.51,938.1072
51.396923,6.5055037,36432.46,939.11084
51.39524,6.506982,36444.258,940.01044
51.39362,6.5096097,36468.72,940.70197
51.391567,6.5111675,36474.164,942.101
51.390385,6.5125804,36507.945,943.2188
51.388443,6.51357,36503.152,943.88806
51.386597,6.5161567,36504.95,945.0692
51.38575,6.5175714,36485.406,945.9471
51.383236,6.5198507,36504.652,947.3886
51.381977,6.5217843,36561.105,948.44965
51.379997,6.52296,36537.086,949.0952
51.378757,6.5238113,36602.605,949.88324
51.375793,6.52687,36608.03,951.1183
51.374382,6.5293345,36618.93,952.3603
51.372997,6.529838,36616.926,952.7036
51.372498,6.531623,36573.88,954.14813
51.36905,6.533921,36678.95,955.1206
51.367214,6.535904,36695.805,955.88855
51.36599,6.537824,36703.79,956.83765
51.364185,6.5405474,36703.145,957.9128
51.362576,6.541658,36758.656,958.7732
51.360703,6.543217,36737.004,959.6724
51.35854,6.544591,36780.26,961.2548
51.357483,6.5472136,36795.027,961.86774
51.35467,6.5484886,36804.957,962.61304
51.35369,6.55207,36813.32,963.48004
51.352512,6.550739,36815.78,964.2664
51.34938,6.554905,36839.17,965.8279
51.34942,6.556059,36849.8,967.1151
51.346306,6.5572114,36881.97,968.01825
51.345234,6.561006,36879.535,968.7275
51.34372,6.5634947,36899.746,969.994
51.342117,6.566339,36884.285,970.92896
51.340218,6.5643797,36874.152,971.8046
51.33864,6.567649,36909.094,972.89746
51.336853,6.5671835,36921.902,974.09076
51.33486,6.570251,36950.28,974.85626
51.333042,6.5725265,36990.758,975.6721
51.33093,6.5746036,36991.223,977.05835
51.329247,6.5774426,37012.895,978.1648
51.329952,6.5776153,36882.98,979.30115
51.325787,6.579392,37005.82,979.91296
51.323936,6.581682,37014.36,981.03455
51.322483,6.5847926,37017.133,981.41907
51.321365,6.584918,37044.918,982.75366
51.319416,6.586672,37045.97,984.17487
51.3178,6.58934,37049.047,985.4245
51.31649,6.5917954,37035.547,986.2071
51.31398,6.5926476,37048.504,986.6723
51.3123,6.595316,37065.344,988.2774
51.310722,6.5954723,37082.176,989.1766
51.308838,6.5987473,37094.547,990.1189
51.306213,6.6012907,37108.22,991.3182
51.30634,6.6017733,37121.92,991.7462
51.304043,6.6039186,37097.145,993.0356
51.302338,6.603961,37103.6,993.7783
51.300533,6.6057525,37114.09,995.3224
51.29939,6.608289,37100.234,995.9967
51.29736,6.6110973,37110.33,997.2252
51.296066,6.612548,37144.754,998.12695
51.29231,6.615475,37169.555,998.87146
51.292427,6.6162486,37113.184,999.75195
51.290565,6.618527,37193.75,1001.1462
51.28744,6.6193833,37185.324,1002.37976
51.287357,6.6220613,37189.215,1003.31366
51.285522,6.6251717,37200.074,1003.3864
51.282677,6.6255803,37194.07,1005.13477
51.281376,6.627179,37181.44,1006.53564
51.27997,6.629149,37226.395,1006.99036
51.278324,6.6300554,37245.895,1008.35315
51.276634,6.6322365,37238.832,1008.95984
51.274624,6.634912,37226.996,1010.3205
51.272884,6.636304,37231.9,1010.8657
51.270992,6.63873,37213.305,1012.7605
51.269516,6.640976,37221.66,1012.8128
51.267773,6.641556,37211.914,1013.9588
51.26702,6.6435046,37240.723,1015.0442
51.26482,6.646569,37265.29,1016.2567
51.261803,6.64759,37285.836,1017.2731
51.26124,6.648576,37300.85,1018.5334
51.260036,6.6522536,37239.105,1019.64764
51.258404,6.6529174,37270.125,1019.87396
51.25647,6.6539626,37236.94,1021.58356
51.254463,6.656022,37239.64,1022.31494
51.252735,6.6586623,37246.52,1023.06995
51.250862,6.658623,37282.008,1024.192
51.24879,6.662314,37287.574,1025.1233
51.24648,6.665528,37290.195,1026.8347
51.245724,6.6675587,37302.152,1026.9304
51.24297,6.668485,37307.062,1028.9504
51.241184,6.670406,37264.98,1029.4716
51.240986,6.671889,37278.902,1030.4163
51.240005,6.6730695,37311.78,1031.1892
51.238804,6.675967,37245.02,1033.3435
51.23463,6.675672,37321.285,1033.2904
51.233612,6.680185,37291.69,1033.7611
51.233,6.6786613,37282.98,1035.7762
51.230446,6.68258,37300.99,1036.546
51.22945,6.684627,37272.863,1037.2103
51.227192,6.685541,37291.395,1038.8118
51.225887,6.688472,37299.598,1039.6406
51.224293,6.6912856,37299.793,1040.6501
51.222706,6.691929,37315.105,1041.6969
51.22188,6.69266,37331.22,1042.6051
51.219078,6.695841,37321.36,1043.5986
51.217457,6.6969223,37322.418,1044.3496
51.216362,6.6982946,37303.695,1045.7551
51.21332,6.7008114,37333.793,1046.8009
51.21153,6.7034373,37326.906,1047.5021
51.21033,6.7044706,37319.44,1048.6798
51.20825,6.7072053,37322.96,1049.7411
51.208054,6.7073026,37354.457,1050.8317
51.20683,6.7085967,37316.2,1052.1494
51.203304,6.7102795,37376.25,1052.5964
51.20191,6.7133718,37386.332,1053.6785
51.20057,6.7146487,37367.094,1054.9166
51.198822,6.715874,37363.613,1055.8513
51.1962,6.7190704,37353.04,1056.7649
51.19609,6.721614,37370.934,1057.7178
51.1933,6.7224913,37392.97,1059.1129
51.191006,6.7231417,37396.562,1059.7428
51.190456,6.72546,37376.535,1060.9337
51.18924,6.728213,37376.66,1061.7019
51.187626,6.728599,37384.105,1062.6553
51.184925,6.7312813,37370.95,1064.0565
51.18326,6.7315793,37367.086,1064.535
51.18238,6.735157,37399.383,1065.8861
51.17978,6.7367315,37401.215,1066.8785
51.178165,6.7378306,37424.402,1068.1335
51.177048,6.740368,37391.816,1068.6771
51.17493,6.740816,37395.094,1069.6906
51.17282,6.743358,37426.03,1071.0853
51.172146,6.7453136,37414.703,1072.2009
51.16981,6.747147,37394.98,1072.8126
51.16722,6.7485805,37405.4,1074.0803
51.16655,6.750643,37393.75,1075.1537
51.16516,6.7529163,37421.516,1075.789
51.16242,6.7545404,37430.18,1077.0505
51.160786,6.7558656,37442.02,1078.225
51.160202,6.7591486,37431.09,1079.0991
51.157917,6.759551,37413.402,1080.095
51.15619,6.7606835,37448.832,1080.9717
51.15515,6.762257,37459.33,1082.1399
51.152843,6.7665133,37450.523,1083.2458
51.151035,6.7683887,37444.68,1083.7262
51.149036,6.769892,37452.902,1084.9407
51.148067,6.770295,37478.234,1085.7277
51.146553,6.771528,37481.117,1087.0278
51.143852,6.774169,37479.855,1088.3531
51.143288,6.776332,37473.598,1088.8221
51.141365,6.776583,37449.68,1090.306
51.140522,6.78076,37452.625,1090.9236
51.138195,6.780853,37505.188,1092.0643
51.136227,6.7833323,37487.6,1093.0848
51.133972,6.7839355,37490.973,1093.6838
51.13172,6.7875085,37508.637,1095.0498
51.130695,6.787234,37498.55,1096.2064
51.12934,6.789514,37517.855,1097.3298
51.127174,6.7920804,37510.19,1097.7516
51.125618,6.7935295,37499.812,1099.2368
51.12421,6.7950177,37497.812,1099.9708
51.122658,6.7957506,37515.8,1101.341
51.120937,6.7992177,37534.004,1102.565
51.11858,6.7991233,37519.934,1102.6757
51.118748,6.8031316,37523.574,1104.2339
51.11527,6.805105,37547.086,1105.1006
51.114136,6.8062177,37530.656,1106.4703
51.112488,6.807521,37556.516,1107.3739
51.111237,6.810446,37580.434,1108.3558
51.108524,6.811616,37547.74,1109.1718
51.10722,6.814155,37550.21,1109.711
51.105392,6.81483,37558.44,1111.2793
51.104218,6.8154325,37558.05,1112.502
51.10201,6.8191247,37549.73,1113.2635
51.101036,6.820907,37558.746,1114.3059
51.099274,6.822094,37586.324,1114.8435
51.097225,6.8232174,37579.902,1116.2108
51.095394,6.8248105,37598.348,1117.2118
51.094177,6.8281665,37629.445,1118.2609
51.09337,6.8286905,37624.29,1119.4258
51.089478,6.830037,37625.168,1120.6171
51.08862,6.8332915,37609.734,1121.4576
51.08754,6.8360834,37573.54,1122.3944
51.086514,6.836562,37598.473,1123.0742
51.083206,6.838106,37620.71,1124.133
51.0821,6.8405128,37622.53,1125.3115
51.08023,6.8441634,37626.367,1125.9718
51.07861,6.843676,37614.863,1127.0643
51.077644,6.847365,37609.49,1128.1766
51.07607,6.846782,37636.074,1129.1138
51.072002,6.849266,37632.61,1130.3619
51.071156,6.852679,37649.164,1131.393
51.070454,6.853155,37626.414,1132.3401
51.068333,6.857147,37620.414,1132.9506
51.066776,6.857154,37616.645,1134.5488
51.065136,6.858045,37617.85,1135.3767
51.063347,6.8604717,37623.6,1136.2615
51.061543,6.863136,37635.004,1137.4298
51.06022,6.8641095,37681.773,1138.3411
51.057613,6.866071,37676.72,1139.1407
51.056313,6.8689413,37705.66,1140.415
51.056015,6.872457,37692.92,1141.6581
51.053215,6.8701105,37732.996,1142.5116
51.050545,6.8737235,37706.504,1143.306
51.04959,6.8760247,37724.508,1144.2621
51.048126,6.876938,37747.6,1145.453
51.04494,6.8775535,37735.777,1146.4435
51.044018,6.8792844,37745.445,1147.6078
51.042683,6.8818607,37710.37,1148.0936
51.041466,6.8833838,37703.797,1148.8657
51.039215,6.885555,37707.53,1150.3087
51.03732,6.8870296,37711.703,1151.4441
51.035465,6.888837,37738.78,1152.2256
51.034054,6.8908496,37736.91,1153.108
51.032433,6.8940363,37754.094,1154.3988
51.031162,6.894048,37737.594,1155.3973
51.02952,6.897045,37773.26,1156.5592
51.027412,6.8979244,37720.195,1157.2886
51.02651,6.8986154,37740.184,1158.4025
51.02373,6.901504,37748.934,1159.5668
51.021957,6.90366,37770.71,1160.2051
51.020664,6.906687,37768.227,1161.4454
51.018826,6.9056435,37768.285,1161.8839
51.01722,6.9089565,37779.81,1163.2948
51.01535,6.9114017,37813.01,1164.5361
51.012863,6.911535,37832.605,1165.4075
51.011566,6.913397,37797.62,1166.6343
51.010185,6.915416,37813.133,1167.3258
51.008865,6.9163704,37816.203,1168.3959
51.006813,6.919138,37802.04,1169.0479
51.005375,6.923157,37788.152,1170.4121
51.00357,6.9219832,37796.113,1171.2345
51.0012,6.922882,37793.758,1172.3524
50.999775,6.926632,37850.67,1173.6793
50.998455,6.9288573,37832.355,1174.2261
50.99719,6.9296846,37826.945,1175.4436
50.994553,6.931028,37852.98,1176.46
50.993248,6.933953,37887.34,1177.5819
50.990944,6.935653,37842.74,1178.24
50.98939,6.9373493,37854.246,1179.3202
50.986828,6.939924,37861.203,1180.4796
50.985394,6.941009,37859.84,1181.3094
50.98465,6.9416695,37836.19,1182.2806
50.982475,6.9444885,37839.176,1183.6534
50.97984,6.944468,37857.51,1184.2196
50.978344,6.9480205,37876.062,1185.098
50.976498,6.9506135,37884.312,1186.2106
50.97504,6.952898,37877.35,1187.4338
50.97345,6.952504,37892.793,1188.2809
50.972298,6.9547334,37863.12,1189.171
50.97062,6.957167,37893.633,1190.1912
50.967808,6.958748,37933.715,1191.6296
50.966312,6.9613857,37870.85,1192.2153
50.965504,6.9612494,37913.406,1193.451
50.96277,6.963783,37910.633,1194.2965
50.961315,6.962781,37935.812,1195.355
50.960983,6.9657874,37933.867,1196.3378
50.95618,6.968983,37923.91,1197.2611
50.954796,6.9717927,37925.242,1199.1456
50.955006,6.972529,37950.84,1199.2496
50.953594,6.973797,37940.06,1200.6514
50.949383,6.9760914,37958.2,1201.5972
50.948654,6.9793735,37938.47,1202.5449
50.948193,6.9805183,37911.45,1203.3069
50.946934,6.9794865,37926.625,1204.3193
50.943867,6.98295,37895.688,1205.3453
50.943367,6.9849634,37928.336,1206.155
50.941605,6.9860744,37954.074,1207.8677
50.93881,6.9882793,37963.78,1208.6636
50.936886,6.9892645,37992.832,1209.4316
50.93503,6.9902625,37997.74,1210.2478
50.934193,6.9918284,37992.418,1211.3907
50.93196,6.9952,37956.797,1212.1365
50.930622,6.996226,38004.965,1213.54
50.92802,6.9975786,37944.08,1214.672
50.926704,6.9998617,37976.137,1215.0314
50.924976,7.001186,37986.863,1216.3308
50.923702,7.0032105,38003.043,1217.1077
50.920795,7.0045004,38013.33,1218.4617
50.91937,7.0057516,38017.168,1219.0256
50.9176,7.008354,38006.668,1220.4794
50.91551,7.0102797,38003.656,1221.2759
50.91477,7.0111327,37995.008,1221.9806
50.912754,7.013078,38019.246,1223.6628
50.911175,7.0142965,38008.758,1224.2959
50.908268,7.0151696,37997.5,1225.3547
50.90668,7.018576,38012.83,1226.4646
50.906208,7.0196695,38040.05,1227.2998
50.90421,7.0190754,38039.01,1228.1022
50.90354,7.020636,38023.543,1229.3817
50.90005,7.025373,38037.273,1230.1979
50.898926,7.026505,38012.453,1231.6266
50.896908,7.0291753,38014.094,1232.3593
50.894863,7.0288854,38035.125,1233.4159
50.893593,7.0306563,38041.676,1234.5103
50.89057,7.031671,38042.152,1235.5317
50.890743,7.033283,38043.297,1236.421
50.888447,7.0350432,38039.312,1237.5637
50.887344,7.037712,38050.6,1238.6487
50.884003,7.0396066,38054.934,1239.55
50.88236,7.040754,38051.055,1240.1215
50.881,7.042741,38049.973,1241.5231
50.879547,7.0427113,38048.273,1242.3062
50.87649,7.045463,38060.86,1243.2166
50.87458,7.0494204,38068.816,1245.1825
50.873543,7.0521955,38060.043,1245.1252
50.871895,7.049054,38043.758,1246.5251
50.870598,7.0510564,38063.8,1247.5444
50.86732,7.0549197,37990.984,1248.1033
50.86747,7.0555186,38020.28,1249.2546
50.865044,7.0568376,38048.094,1250.2485
50.86137,7.057776,38073.43,1251.3546
50.8611,7.060697,38048.984,1252.4033
50.858727,7.0618215,38058.96,1253.2096
50.85668,7.063823,38064.008,1254.4955
50.85435,7.0637913,38094.7,1255.2195
50.853195,7.0654793,38056.426,1256.4608
50.852688,7.0675955,38092.887,1257.3658
50.849785,7.070006,38064.457,1258.1042
50.84961,7.070849,38082.98,1259.6576
50.84595,7.0726647,38074.13,1260.228
50.845543,7.072701,38080.164,1261.3043
50.84407,7.07627,38083.97,1262.3333
50.841347,7.0779347,38058.348,1263.4103
50.840157,7.0789785,38105.938,1264.0764
50.838306,7.0800624,38091.293,1265.2484
50.836437,7.081929,38110.527,1266.092
50.832577,7.0818343,38114.2,1267.1165
50.831398,7.083417,38116.074,1268.633
50.83037,7.086103,38115.6,1269.0961
50.828598,7.087291,38118.633,1270.4635
50.82686,7.090691,38128.402,1271.2485
50.8255,7.08983,38126.91,1271.9813
50.82353,7.092159,38122.61,1273.2761
50.820988,7.092561,38113.285,1274.1826
50.819603,7.094562,38134.543,1275.1445
50.817047,7.0971146,38142.1,1276.4902
50.816113,7.098651,38127.1,1277.328
50.814465,7.1001844,38128.496,1278.3871
50.811726,7.1011,38130.906,1279.2083
50.810474,7.103152,38114.63,1280.1326
50.808735,7.10346,38139.656,1281.1882
50.807236,7.1039057,38132.836,1282.404
50.804417,7.105539,38142.15,1283.1396
50.802776,7.1078763,38126.047,1284.2089
50.80181,7.1083903,38118.992,1285.2428
50.79903,7.111542,38115.22,1286.3312
50.79693,7.112755,38122.88,1287.0529
50.796707,7.114076,38165.137,1288.2601
50.793842,7.113301,38100.617,1288.7904
50.791782,7.1163383,38088.848,1290.1516
50.79099,7.1190653,38120.824,1291.197
50.78756,7.1207247,38119.19,1292.1945
50.78622,7.1250024,38127.82,1293.5541
50.784615,7.1224074,38137.195,1294.2725
50.783585,7.123704,38071.273,1295.004
50.780518,7.1247406,38105.324,1296.4899
50.77891,7.1273065,38132.805,1297.421
50.776657,7.128729,38117.246,1298.2236
50.77568,7.1299067,38107.25,1299.0632
50.77307,7.131619,38140.8,1300.3363
50.770607,7.133643,38152.87,1301.1833
50.770054,7.135444,38140.03,1302.0939
50.76775,7.133774,38173.582,1303.2854
50.763805,7.135617,38147.71,1304.3984
50.763023,7.1377697,38168.105,1305.1476
50.762318,7.141094,38147.51,1306.1116
50.760986,7.1411123,38127.312,1307.1036
50.759666,7.1412287,38157.195,1307.9197
50.756767,7.142562,38125.258,1309.1617
50.754246,7.144889,38151.83,1310.5851
50.753067,7.147873,38160.83,1311.3942
50.75166,7.1480036,38178.133,1311.935
50.749725,7.1501236,38164.17,1313.1185
50.748344,7.150699,38168.23,1314.1593
50.744736,7.152298,38158.715,1315.1243
50.743416,7.152577,38150.38,1315.9879
50.741684,7.153423,38080.547,1317.378
50.739544,7.1559606,38072.89,1318.3431
50.738605,7.16011,38125.293,1319.166
50.73704,7.159023,38154.586,1319.8837
50.73439,7.1596093,38176.06,1321.0818
50.732132,7.1619015,38140.152,1321.9746
50.73094,7.163896,38158.574,1323.25
50.72875,7.1650343,38152.23,1324.0435
50.72725,7.169195,38142.137,1325.2646
50.726624,7.168485,38154.56,1325.9414
50.723694,7.1655912,38094.72,1326.4229
50.721375,7.1707616,38140.25,1328.7646
50.718857,7.171714,38106.594,1328.5859
50.71773,7.1720467,38149.05,1330.0735
50.71464,7.1722803,38147.566,1331.0851
50.713306,7.1751227,38154.47,1332.2435
50.71096,7.180024,38150.137,1333.334
50.710464,7.180305,38161.66,1333.2568
50.707485,7.17892,38146.97,1335.4235
50.70431,7.181636,38134.496,1335.9633
50.704617,7.1843653,38121.06,1336.8005
50.703484,7.183145,38153.67,1338.0457
50.700047,7.1846833,38153.137,1339.1046
50.69806,7.185045,38162.85,1340.472
50.697155,7.187298,38142.992,1341.2574
50.694275,7.1890454,38150.67,1341.7716
50.692074,7.190424,38176.992,1343.4729
50.690384,7.191078,38197.332,1343.806
50.689117,7.1923656,38165.08,1345.202
50.687145,7.194482,38127.85,1346.1776
50.68593,7.1950445,38123.89,1347.019
50.68394,7.1967144,38130.01,1347.8674
50.680935,7.196241,38161.46,1348.81
50.6795,7.197699,38150.035,1350.1877
50.677723,7.200491,38154.44,1350.9937
50.675682,7.203335,38146.992,1352.0911
50.674034,7.203007,38155.9,1352.7656
50.67218,7.205245,38111.355,1354.2107
50.670322,7.2075095,38153.55,1355.465
50.66815,7.207683,38127.98,1355.9141
50.667343,7.207681,38167.438,1356.9663
50.66531,7.2105637,38177.45,1357.8826
50.663105,7.2106504,38176.023,1358.8341
50.660793,7.213186,38153.734,1360.3746
50.659508,7.2126093,38147.18,1360.483
50.657597,7.2147536,38152.434,1362.3522
50.65511,7.215689,38149.77,1362.8092
50.652874,7.2165165,38155.96,1364.015
50.651093,7.219781,38148.332,1365.3833
50.649048,7.2213516,38148.25,1365.5406
50.646984,7.220418,38153.344,1367.2942
50.644775,7.2220764,38146.496,1367.9615
50.64309,7.2254515,38166.008,1368.9536
50.641735,7.224728,38155.145,1369.954
50.63922,7.2250295,38160.516,1371.095
50.63731,7.228054,38165.12,1371.838
50.636314,7.2275143,38165.688,1372.8264
50.634335,7.229016,38155.598,1374.0137
50.630657,7.231972,38154.06,1374.9026
50.629875,7.2328506,38166.723,1375.9553
50.628765,7.2344446,38152.137,1377.0435
50.62699,7.23408,38149.19,1377.8333
50.624676,7.2367907,38162.21,1379.0995
50.622623,7.2382298,38160.195,1379.7579
50.619953,7.237932,38139.43,1380.8398
50.618538,7.24065,38113.043,1382.1017
50.617054,7.2435527,38124.45,1382.5991
50.614414,7.243165,38121.996,1383.7396
50.613777,7.243401,38124.258,1385.0873
50.611115,7.2465954,38126.21,1385.919
50.60913,7.2471504,38130.367,1386.9502
50.607914,7.2479253,38135.02,1387.8287
50.60518,7.245549,38139.5,1388.3538
50.603622,7.2483363,38133.62,1390.0151
50.60157,7.252766,38137.34,1390.7295
50.600243,7.254346,38146.19,1392.2999
50.597645,7.2554536,38152.273,1392.3486
50.594677,7.2540455,38166.113,1393.9269
50.59314,7.2557955,38148.02,1394.8524
50.591633,7.25686,38134.723,1395.6493
50.59164,7.258539,38147.688,1396.8508
50.58901,7.2606406,38164.492,1398.3221
50.58652,7.2630286,38107.754,1398.8824
50.58393,7.2641373,38153.61,1399.8439
50.583652,7.262449,38128.21,1400.9601
50.580215,7.2642117,38114.047,1402.0419
50.577904,7.26745,38131.26,1402.5677
50.576313,7.267701,38123.66,1403.8516
50.574017,7.2675676,38143.48,1404.8601
50.573,7.2687893,38144.746,1405.9789
50.570942,7.2715435,38135.406,1406.734
50.5692,7.272727,38116.633,1408.199
50.567154,7.2745996,38125.477,1408.8655
50.56501,7.2747455,38127.1,1409.856
50.562054,7.276552,38127.785,1411.0751
50.560383,7.2771907,38169.445,1411.6855
50.558586,7.279168,38137.027,1412.8813
50.55662,7.2790174,38120.902,1413.8739
50.554806,7.2809677,38119.48,1415.0415
50.55253,7.282023,38115.484,1415.7119
50.551075,7.2838,38112.5,1416.8884
50.549046,7.2852273,38119.113,1417.9952
50.547005,7.2842846,38118.805,1418.5769
50.54541,7.286679,38087.23,1420.2975
50.54291,7.287107,38135.066,1420.7888
50.54116,7.28847,38144.59,1421.7968
50.539715,7.290426,38125.883,1422.9102
50.537792,7.2916956,38111.418,1423.8099
50.535084,7.293567,38146.805,1424.8756
50.533302,7.2933464,38128.86,1425.9198
50.53146,7.2952943,38117.0,1426.999
50.529343,7.296228,38122.215,1427.8412
50.52722,7.2971454,38130.918,1428.8732
50.52567,7.2977614,38123.9,1430.0167
50.52359,7.3003664,38117.89,1430.8939
50.52207,7.302011,38126.727,1431.9661
50.52095,7.3025293,38196.168,1433.1759
50.517895,7.303421,38105.402,1433.9066
50.5154,7.304873,38127.918,1434.8535
50.514595,7.3049817,38132.305,1435.7307
50.51201,7.3060675,38140.45,1436.7893
50.509636,7.3078237,38151.836,1437.8345
50.507374,7.3100877,38112.926,1438.7927
50.50654,7.3121223,38114.6,1439.7572
50.50399,7.311804,38131.164,1440.7955
50.502434,7.312188,38126.008,1441.809
50.500618,7.31567,38128.04,1443.0421
50.497047,7.316863,38127.72,1443.8567
50.49624,7.3162146,38131.03,1444.5259
50.494396,7.317404,38137.133,1446.2665
50.491833,7.3179736,38130.574,1446.1213
50.491985,7.321818,38125.344,1448.0242
50.488842,7.323239,38118.508,1448.7064
50.486877,7.322017,38116.15,1449.854
50.485855,7.323749,38127.773,1450.9154
50.481033,7.324229,38121.426,1451.7836
50.47989,7.327446,38154.918,1453.3875
50.478626,7.3289886,38114.74,1453.8376
50.475384,7.3280168,38116.11,1455.0891
50.474834,7.3295193,38135.18,1455.8317
50.47191,7.330583,38114.633,1456.8909
50.470844,7.3327045,38120.06,1457.9172
50.468224,7.33327,38105.46,1458.9
50.46738,7.3350286,38105.066,1459.764
50.46455,7.3364205,38096.277,1460.8735
50.46232,7.3393526,38118.207,1461.6808
50.46109,7.336199,38116.69,1462.7817
50.45947,7.337629,38097.824,1463.4355
50.456787,7.3399987,38090.152,1465.4224
50.454014,7.342496,38087.06,1466.0361
50.452126,7.3428955,38095.703,1466.8484
50.45132,7.3446026,38090.71,1468.128
50.44932,7.345452,38101.13,1468.3214
50.44674,7.346169,38118.492,1469.8563
50.446293,7.3457394,38127.43,1470.9684
50.44344,7.346469,38133.293,1471.5493
50.44174,7.35007,38123.574,1472.8673
50.43902,7.34991,38140.2,1474.1718
50.43854,7.351825,38129.68,1474.9412
50.434967,7.351393,38116.785,1475.7677
50.43453,7.35503,38131.457,1476.7258
50.432564,7.354819,38108.832,1477.8468
50.42965,7.354954,38145.953,1478.6768
50.428406,7.3579507,38150.35,1479.864
50.42671,7.355953,38125.59,1481.1403
50.424,7.358106,38137.945,1481.903
50.420757,7.3591046,38086.875,1482.8917
50.421505,7.3627353,38081.71,1483.7018
50.419907,7.3609657,38079.02,1484.6375
50.414665,7.362522,38080.195,1485.9746
50.41523,7.36585,38091.586,1486.9844
50.412663,7.3660045,38102.105,1487.948
50.410103,7.368395,38118.48,1488.598
50.407764,7.367697,38136.902,1489.7959
50.40585,7.370937,38133.227,1491.0376
50.404316,7.3716345,38127.4,1491.964
50.402733,7.3715734,38112.758,1493.0923
50.401173,7.372368,38112.84,1493.9365
50.39752,7.3754745,38099.68,1494.8619
50.3973,7.3746996,38118.043,1495.954
50.394737,7.3754897,38131.38,1497.022
50.39296,7.377975,38125.82,1497.8673
50.38974,7.3795514,38111.94,1498.9255
50.389786,7.380536,38098.348,1499.9197
50.388485,7.380354,38108.496,1500.443
50.383934,7.381936,38127.07,1501.8575
50.383804,7.3836846,38121.375,1503.2051
50.381058,7.384132,38126.957,1503.7192
50.377846,7.387508,38119.49,1505.0017
50.376934,7.3879023,38109.062,1505.9102
50.377007,7.3875175,38141.31,1506.893
50.372375,7.3891363,38103.723,1507.8079
50.37053,7.3906965,38108.02,1509.2991
50.370228,7.391337,38095.13,1509.8944
50.366753,7.3927574,38085.11,1510.6157
50.365856,7.392985,38111.883,1512.4907
50.363552,7.392238,38101.832,1512.7836
50.36134,7.39367,38126.527,1514.0316
50.35834,7.3974404,38099.39,1514.8961
50.358532,7.3970933,38119.875,1515.8285
50.35649,7.398646,38088.57,1516.6476
50.352337,7.3995748,38086.516,1517.7815
50.35286,7.402953,38130.727,1519.158
50.35033,7.402572,38086.316,1519.7278
50.346943,7.403231,38117.05,1521.3577
50.345535,7.40538,38122.65,1522.0686
50.343567,7.4069114,38118.65,1523.0206
50.342033,7.408969,38112.27,1524.2046
50.34014,7.409709,38106.598,1525.037
50.33856,7.4088087,38100.914,1526.0042
50.336327,7.411242,38100.273,1527.0939
50.334957,7.411497,38090.438,1528.0237
50.3323,7.4123235,38082.797,1528.681
50.330647,7.414657,38141.953,1530.034
50.328697,7.41507,38108.49,1530.8597
50.326084,7.4151306,38125.16,1531.6967
50.325058,7.4173727,38122.383,1533.136
50.322002,7.418425,38090.9,1533.9049
50.320618,7.4215302,38174.03,1534.8425
50.317287,7.4216614,38093.96,1536.7024
50.31486,7.422708,38126.086,1536.614
50.314964,7.423212,38106.05,1537.8607
50.31238,7.4234095,38096.152,1538.9747
50.31104,7.4272485,38091.01,1540.0337
50.30901,7.4268017,38124.65,1541.1466
50.306557,7.426597,38111.684,1541.5415
50.304226,7.4281764,38108.33,1543.4982
50.302876,7.4306936,38094.89,1543.9841
50.301346,7.432299,38097.21,1544.8197
50.29781,7.432375,38111.33,1546.341
50.297108,7.433435,38113.066,1546.851
50.29505,7.4340467,38100.164,1548.0236
50.2921,7.4366527,38113.098,1549.0695
50.290257,7.438391,38127.73,1549.9746
50.289413,7.4384165,38126.797,1550.9326
50.28679,7.4399257,38104.125,1552.0579
50.285152,7.439611,38109.52,1553.0469
50.282825,7.4403596,38116.746,1554.079
50.280067,7.4427404,38109.105,1554.8499
50.278435,7.442759,38109.316,1555.9547
50.27663,7.4446163,38117.117,1556.8445
50.274693,7.446615,38093.47,1557.8835
50.27369,7.44669,38097.492,1558.8054
50.27131,7.44867,38112.668,1560.0402
50.26963,7.4494615,38108.926,1560.8975
50.26728,7.44944,38104.32,1561.5546
50.2662,7.4504895,38112.047,1563.0062
50.26256,7.452112,38103.375,1563.9204
50.25974,7.453161,38125.465,1564.9589
50.259438,7.4571495,38071.08,1566.0371
50.258385,7.45775,38126.918,1566.8116
50.25561,7.456214,38112.63,1568.1682
50.253006,7.4573617,38077.984,1569.0148
50.251076,7.4580026,38092.074,1569.5111
50.24979,7.460145,38096.96,1571.1456
50.24762,7.460013,38077.445,1571.6516
50.2459,7.4623094,38114.855,1572.95
50.24383,7.46413,38104.74,1573.8617
50.24237,7.4648705,38071.805,1574.6497
50.240532,7.4652367,38173.2,1575.7551
50.237015,7.466005,38085.113,1576.605
50.235786,7.468632,38088.805,1577.7966
50.234375,7.467759,38114.953,1578.8053
50.23173,7.469839,38091.387,1579.6151
50.229008,7.4705524,38106.43,1581.1418
50.22829,7.4722595,38058.984,1581.8706
50.225822,7.4720497,38058.117,1582.5453
50.224068,7.4742126,38089.574,1583.7853
50.22148,7.4747143,38067.516,1584.9349
50.219395,7.474968,38072.52,1585.9113
50.218174,7.4766273,38080.56,1586.8834
50.216373,7.4790497,38129.926,1587.9105
50.214695,7.4804373,38144.74,1588.6672
50.21323,7.4803433,38100.81,1589.616
50.21075,7.4807534,38104.34,1590.665
50.20822,7.4823766,38102.566,1591.8741
50.20632,7.4827266,38111.76,1592.3716
50.204895,7.4841204,38079.574,1593.953
50.202038,7.4857044,38081.492,1594.4856
50.200226,7.4851947,38102.54,1595.6326
50.19849,7.4887304,38105.36,1596.624
50.195942,7.488483,38118.64,1597.834
50.19461,7.4899592,38117.734,1598.807
50.192715,7.4896708,38124.184,1599.7295
50.190914,7.490779,38122.594,1600.7173
50.18909,7.4920716,38113.85,1601.8483
50.18637,7.4941087,38118.94,1602.7074
50.18452,7.494178,38111.285,1603.6838
50.18283,7.4960012,38120.31,1604.6931
50.179203,7.49788,38127.93,1605.7255
50.17857,7.498788,38126.66,1606.5406
50.17648,7.4994307,38100.055,1607.6224
50.173935,7.500093,38095.2,1608.8895
50.170902,7.504095,38108.438,1609.0822
50.17103,7.502086,38112.098,1610.6432
50.168602,7.505678,38095.285,1611.6396
50.165363,7.504577,38156.37,1612.6443
50.164463,7.505913,38077.95,1613.6129
50.163418,7.508419,38152.535,1614.551
50.1604,7.507193,38095.19,1615.6401
50.1583,7.5083914,38117.88,1616.3256
50.15772,7.5096445,38103.29,1617.5427
50.154762,7.511393,38082.07,1618.481
50.152298,7.5110016,38144.2,1619.7201
50.151066,7.5130877,38115.367,1620.423
50.14871,7.51405,38123.203,1621.3396
50.14662,7.5157213,38135.85,1622.3436
50.1448,7.5164123,38119.44,1623.4496
50.14244,7.516776,38109.23,1624.7804
50.139854,7.51885,38090.586,1625.2911
50.139435,7.519264,38077.215,1626.4816
50.137787,7.5194907,38116.082,1627.5437
50.13305,7.522048,38127.445,1628.6555
50.131714,7.5242004,38134.758,1629.3507
50.130627,7.524434,38146.477,1630.5284
50.12872,7.525052,38118.125,1631.4229
50.12771,7.524394,38145.33,1632.3748
50.12432,7.526474,38131.098,1633.5941
50.122337,7.527517,38124.727,1634.3395
50.12088,7.5288296,38105.64,1635.3118
50.118835,7.5281262,38109.29,1636.3119
50.11722,7.5305357,38098.08,1637.6863
50.1154,7.5323615,38104.273,1638.4617
50.113014,7.532621,38111.37,1639.3406
50.110104,7.532147,38117.773,1640.3115
50.108738,7.533445,38128.93,1641.5938
50.10667,7.535768,38112.887,1642.6837
50.10414,7.538432,38103.79,1643.3606
50.104305,7.5379124,38132.48,1644.5963
50.10097,7.5383186,38117.312,1645.3314
50.100147,7.5391,38095.65,1646.369
50.096893,7.5391746,38096.793,1647.5737
50.09582,7.541322,38152.01,1648.5447
50.093117,7.543449,38077.332,1649.4612
50.09049,7.543057,38100.547,1650.4801
50.090096,7.5428386,38111.387,1651.4039
50.087276,7.5452256,38090.586,1652.2201
50.08603,7.5464435,38102.207,1653.3346
50.0836,7.547459,38086.133,1654.3428
50.081055,7.5484123,38089.723,1655.347
50.07969,7.5502276,38181.633,1656.4519
50.077816,7.5509763,38086.906,1656.9874
50.07542,7.5514903,38094.26,1658.2673
50.07333,7.5518394,38147.29,1659.2751
50.070873,7.5545177,38127.113,1660.2972
50.06839,7.554883,38112.08,1661.3478
50.067844,7.555069,38098.25,1662.2614
50.06465,7.556567,38097.895,1663.1018
50.063507,7.55746,38096.41,1664.2354
50.061554,7.557262,38079.176,1665.5901
50.059345,7.5595493,38071.305,1666.2417
50.057304,7.5607,38062.957,1667.4208
50.05521,7.5615387,38067.656,1668.2948
50.05356,7.563838,38115.254,1669.1556
50.051407,7.5644274,38087.297,1670.1896
50.04947,7.563354,38102.094,1671.4058
50.047394,7.56493,38082.156,1672.1108
50.045597,7.5650625,38107.06,1673.2607
50.043774,7.567378,38110.707,1674.2563
50.041252,7.567443,38105.21,1675.2167
50.039852,7.568714,38102.258,1676.0459
50.0379,7.5690227,38097.07,1677.3224
50.034782,7.5708385,38121.523,1678.245
50.033566,7.5713882,38111.14,1679.2106
50.031048,7.5720644,38106.98,1680.2233
50.029263,7.5730767,38161.24,1680.995
50.027546,7.575003,38081.293,1681.9645
50.024734,7.5745482,38086.43,1683.0704
50.023098,7.5761685,38110.523,1684.1569
50.021324,7.5773706,38091.473,1685.2921
50.01988,7.5785427,38104.13,1686.2421
50.017624,7.579575,38083.613,1687.0828
50.01509,7.580203,38095.156,1688.4094
50.013496,7.581346,38080.19,1689.2445
50.012028,7.5805826,38083.08,1690.3394
50.008442,7.583005,38058.86,1691.1825
50.00938,7.585828,38075.332,1692.109
50.006153,7.5835514,38089.105,1692.9662
50.004257,7.5827947,38134.64,1693.8197
50.00125,7.5860143,38080.67,1695.2589
49.9993,7.589555,38093.62,1695.8619
49.998405,7.589142,38087.633,1697.0787
49.99657,7.5900173,38088.86,1698.263
49.992977,7.590782,38089.59,1698.9005
49.991917,7.5909185,38065.14,1700.1813
49.989353,7.59299,38084.74,1701.5461
49.987,7.5933323,38095.344,1702.0867
49.985428,7.5952673,38121.945,1703.2876
49.982964,7.594964,38044.086,1704.2969
49.980827,7.5973926,38090.08,1705.2466
49.979893,7.5977407,38135.33,1705.8207
49.979862,7.597986,38155.523,1707.4915
49.976036,7.599516,38051.297,1707.8965
49.972652,7.599559,38168.016,1708.9298
49.97236,7.6017027,38078.492,1709.9792
49.96901,7.601043,38083.86,1711.4148
49.9673,7.6036105,38098.36,1712.1885
49.96562,7.604525,38073.32,1713.5095
49.962822,7.605043,38107.973,1713.8749
49.96251,7.6051574,38062.46,1715.2307
49.96016,7.606705,38076.496,1716.2708
49.957844,7.606651,38038.016,1716.8765
49.956512,7.6097817,38106.855,1718.2268
49.9528,7.6080785,38024.797,1719.2095
49.952686,7.609369,38091.633,1720.2166
49.94983,7.6114573,37998.85,1720.9429
49.947887,7.6122437,38171.246,1722.1262
49.945347,7.6126447,38028.8,1723.1753
49.944252,7.6140823,38037.156,1724.134
49.941437,7.615393,38087.84,1725.0691
49.938694,7.6155567,38035.39,1726.0304
49.937973,7.615835,38041.027,1727.3235
49.9356,7.6167417,38049.61,1728.0925
49.93374,7.617883,38051.91,1729.0234
49.93178,7.617957,38091.484,1730.1184
49.92892,7.618871,38058.85,1731.0728
49.926903,7.6206656,38102.21,1732.0221
49.92755,7.620797,38027.33,1732.7417
49.924496,7.621301,38110.996,1734.149
49.920643,7.6227646,38023.277,1734.9746
49.91975,7.624663,38140.17,1736.2473
49.916454,7.624397,38042.387,1736.9286
49.91521,7.626494,38064.156,1738.059
49.913876,7.6260552,38052.71,1739.1519
49.912437,7.625826,38055.855,1739.8293
49.909046,7.627633,38031.008,1741.1802
49.906013,7.6291547,38039.227,1742.0563
49.904465,7.6290746,38042.29,1743.0399
49.902946,7.6276007,38069.363,1744.548
49.901012,7.6304173,38044.16,1745.2415
49.898243,7.6311526,38025.17,1746.2106
49.89644,7.6327167,38074.305,1746.8857
49.89453,7.63276,38031.094,1748.0187
49.89416,7.6328344,38013.543,1749.118
49.89201,7.634176,38017.84,1749.5625
49.888996,7.63533,38167.832,1751.1945
49.886547,7.6384826,38017.793,1751.4244
49.884533,7.638694,38042.176,1753.0223
49.88158,7.6381006,38061.848,1753.9739
49.8807,7.6390142,38088.74,1754.8113
49.87832,7.640576,38025.992,1756.1932
49.876343,7.640373,38047.105,1757.104
49.87482,7.6435895,38060.586,1758.4021
49.873447,7.645654,38085.207,1758.8269
49.871418,7.643341,37926.934,1760.0756
49.86787,7.644334,38074.516,1761.0214
49.865604,7.643776,38060.17,1761.9119
49.864166,7.6455812,38011.145,1763.0581
49.862038,7.6466346,38069.92,1763.8657
49.86104,7.6479187,37995.027,1765.0695
49.85859,7.646902,38022.55,1765.499
49.85639,7.648704,38126.633,1767.432
49.853584,7.650167,38024.06,1767.3489
49.8534,7.6511016,38113.727,1769.333
49.850533,7.651231,38029.605,1770.0284
49.847046,7.6532993,38019.566,1770.9901
49.846657,7.6530833,38030.562,1771.8301
49.846146,7.6549935,38006.473,1772.848
49.842663,7.6549325,38055.383,1774.2488
49.840836,7.6553226,38002.066,1774.9476
49.839035,7.6558504,37994.656,1775.7433
49.835995,7.656493,38040.918,1776.862
49.83352,7.6576514,38063.605,1777.8685
49.83187,7.6585927,38001.77,1778.7429
49.8297,7.659174,38020.312,1779.6426
49.82737,7.6615343,38014.992,1780.9371
49.826252,7.6609244,38042.48,1781.9133
49.823673,7.6624236,38057.07,1782.6111
49.82166,7.662052,38033.914,1784.2872
49.81888,7.6646433,38078.562,1784.562
49.81759,7.664564,38012.85,1785.6788
49.81602,7.665601,38050.4,1786.8185
49.813637,7.666204,38095.51,1787.9524
49.811623,7.6665783,38017.21,1788.7965
49.808823,7.667137,38017.39,1789.8018
49.807655,7.6685286,38005.035,1790.8678
49.80592,7.6694365,38010.254,1791.8119
49.802864,7.6702313,38086.383,1792.9413
49.80109,7.670924,38009.02,1793.3806
49.799393,7.6711836,38021.887,1794.7213
49.79754,7.6720977,38011.145,1795.7281
49.79487,7.672419,38052.156,1796.718
49.79254,7.6733704,38045.67,1797.953
49.79056,7.6741004,38011.95,1798.7272
49.789062,7.6760077,37950.688,1799.9911
49.788506,7.676272,38073.574,1800.8667
49.784557,7.677872,37971.54,1801.954
49.78167,7.678222,38009.12,1802.5245
49.780834,7.678409,38007.477,1803.4564
49.77917,7.678672,38018.53,1804.915
49.77683,7.6789103,38023.21,1805.4291
49.7737,7.6798477,37995.7,1806.8832
49.77242,7.6813364,37964.918,1807.7664
49.76994,7.6838646,38067.22,1808.9537
49.768776,7.6814184,37979.57,1809.3503
49.76756,7.6818333,38011.12,1810.762
49.763958,7.6838174,38006.246,1811.8802
49.76266,7.685197,37985.84,1812.7954
49.75967,7.685863,38034.91,1813.9391
49.758614,7.6880054,38031.176,1814.6858
49.756958,7.686363,37974.773,1815.9785
49.75417,7.687571,37973.668,1816.603
49.75182,7.68877,37984.934,1817.6387
49.750355,7.689976,37974.6,1819.0417
49.747276,7.6899676,37973.824,1819.5319
49.74742,7.6901712,37921.74,1820.6038
49.745224,7.68991,37947.402,1821.3329
49.741173,7.6892,37966.19,1822.8156
49.739964,7.6921577,38044.992,1823.6427
49.737305,7.695373,37956.234,1824.592
49.738773,7.693328,38093.17,1825.4858
49.73513,7.693646,37979.95,1826.6011
49.731754,7.696375,37998.07,1827.7744
49.729782,7.6972156,37989.914,1828.7325
49.72784,7.6971855,37962.945,1829.3904
49.726925,7.6983466,38065.547,1830.7246
49.724415,7.6986685,38024.53,1831.8153
49.72178,7.7003884,37946.688,1832.7827
49.720535,7.6996007,38058.727,1833.4015
49.716858,7.701139,37960.707,1834.5349
49.715508,7.7008452,37963.023,1835.541
49.713295,7.702467,38113.633,1836.8207
49.711254,7.7036176,37932.285,1837.8513
49.70928,7.7045307,37963.324,1838.6958
49.707138,7.704764,37978.375,1839.0859
49.70626,7.7040606,37954.19,1840.389
49.702877,7.7056694,37943.582,1841.8115
49.70229,7.7066674,37988.516,1842.7086
49.700413,7.708276,38021.207,1843.8373
49.698402,7.7070847,38053.566,1844.3721
49.69511,7.7083364,37953.727,1845.3181
49.693024,7.7087407,38049.605,1846.4095
49.69267,7.708752,38031.074,1847.429
49.6886,7.7112284,37976.82,1848.2463
49.68696,7.711364,38004.152,1849.4154
49.685257,7.7115293,37975.52,1850.5348
49.684155,7.712129,37944.223,1851.0922
49.681767,7.7133784,38005.848,1852.6274
49.67862,7.7148924,38034.227,1853.5989
49.67701,7.7153077,37953.023,1854.5125
49.67505,7.715899,37984.348,1855.3291
49.673283,7.7166142,37956.9,1856.5212
49.67026,7.7166557,38013.28,1857.4808
49.668743,7.7191734,37988.41,1858.3364
49.666042,7.717508,37947.203,1859.3363
49.664474,7.7188854,38025.668,1860.4047
49.662514,7.720314,37988.93,1861.5114
49.660686,7.720508,38056.664,1862.6311
49.658554,7.721882,37923.88,1863.2888
49.65702,7.7211337,37976.574,1864.692
49.655045,7.7229013,38055.254,1865.2662
49.65249,7.7236276,38055.062,1866.2563
49.650185,7.7245636,37956.543,1867.2645
49.64863,7.725029,37959.27,1868.6123
49.646046,7.7248755,37951.53,1869.2744
49.643494,7.72575,37951.363,1870.2899
49.64321,7.726664,37971.66,1871.1838
49.639942,7.729212,38013.81,1872.245
49.63817,7.7279615,38038.895,1873.0638
49.63587,7.728258,37944.316,1874.1829
49.63413,7.7291,38045.24,1875.4905
49.63286,7.7290683,37968.633,1876.4537
49.62943,7.7329597,38025.99,1877.7148
49.627724,7.734729,38011.453,1878.8319
49.625473,7.733869,37949.312,1879.2686
49.622917,7.7307096,37985.188,1880.6562
49.620457,7.7334166,37962.562,1881.7051
49.619003,7.735656,37970.6,1881.8578
49.618103,7.734746,37953.402,1883.3372
49.61475,7.7344265,38071.23,1884.0681
49.613453,7.7360907,37992.086,1885.4895
49.61011,7.736229,37951.54,1886.058
49.60921,7.7379375,38021.01,1887.3408
49.606873,7.739719,37921.55,1888.0142
49.606133,7.7391977,38047.633,1889.0095
49.604027,7.739181,37974.46,1890.327
49.60159,7.7393894,37988.13,1891.2542
49.60006,7.74075,37990.6,1892.2511
49.597656,7.741826,38044.695,1893.0757
49.595833,7.7407565,37962.58,1893.996
49.59285,7.742736,38022.016,1895.5973
49.5915,7.743314,37960.562,1896.2317
49.59008,7.744445,37942.168,1897.2203
49.58833,7.7452564,38115.676,1898.5333
49.584644,7.746843,37959.46,1899.2523
49.58301,7.7471595,38023.29,1900.033
49.581657,7.7480917,37962.742,1901.2325
49.578693,7.7489276,37979.594,1902.2401
49.576195,7.7488174,37969.676,1902.9738
49.57436,7.749976,37985.746,1904.3395
49.573715,7.750279,37986.973,1905.1252
49.570663,7.750607,38000.133,1906.2092
49.56761,7.7510724,37995.47,1906.8955
49.566704,7.75177,37952.85,1908.0518
49.565273,7.753116,38003.453,1909.2771
49.562805,7.7542777,37970.03,1910.0421
49.559742,7.7547326,37980.082,1911.5038
49.558018,7.755006,37985.297,1912.1531
49.556858,7.7560935,37991.297,1913.1455
49.55441,7.7567906,37968.594,1914.2212
49.552406,7.757248,38013.96,1915.2549
49.548744,7.7584395,37965.43,1916.2145
49.54793,7.759097,37947.367,1917.1278
49.546223,7.7589145,38019.816,1918.3921
49.544273,7.7595506,37973.1,1918.9757
49.542274,7.761167,37987.242,1920.2485
49.539318,7.7617664,37996.285,1921.2649
49.537605,7.7623806,38014.996,1922.1362
49.534687,7.7632785,37974.37,1923.2551
49.533405,7.763262,37964.85,1924.0363
49.5313,7.7630005,38073.5,1925.0549
49.528618,7.764984,38028.727,1926.0421
49.52715,7.7663245,37979.934,1926.98
49.525425,7.766288,38011.195,1928.293
49.522068,7.766867,37988.09,1929.1991
49.52156,7.7671285,38045.65,1930.0461
49.518337,7.768579,37978.406,1931.4845
49.517094,7.769059,38017.598,1932.0895
49.515583,7.7685924,38044.492,1933.1373
49.51236,7.7696834,37943.17,1934.5175
49.510265,7.7724295,38019.77,1934.9847
49.50847,7.7721443,37980.44,1936.0768
49.50656,7.7727494,37970.97,1937.1694
49.505917,7.773435,38079.76,1938.2137
49.502758,7.773665,38050.406,1939.0852
49.50227,7.7755256,37979.047,1939.9637
49.498955,7.7756014,38034.05,1940.9076
49.498566,7.771946,38022.38,1941.2715
49.494823,7.7736964,38037.434,1943.5162
49.49302,7.777849,37952.61,1943.6946
49.490494,7.7792525,37996.156,1944.7568
49.489918,7.7781525,38055.227,1945.9524
49.486088,7.777597,38060.83,1946.8872
49.484882,7.780071,38018.707,1948.5349
49.48034,7.780058,38083.34,1949.0562
49.479008,7.786728,37975.19,1951.1271
49.47834,7.786503,37980.46,1950.5764
49.476837,7.782917,38061.41,1952.2488
49.474052,7.782642,37953.477,1952.9998
49.470886,7.78409,37988.633,1954.0934
49.469055,7.7861342,37997.75,1955.2212
49.46867,7.785563,38063.832,1955.6853
49.4653,7.787033,37963.707,1957.6498
49.463604,7.7878613,38052.926,1958.3875
49.46241,7.787757,37985.938,1958.8063
49.45937,7.7878466,37980.773,1960.4031
49.456932,7.789674,38026.38,1961.4235
49.455624,7.7914352,37962.793,1961.3885
49.45506,7.7905145,37971.42,1962.785
49.451763,7.7917333,38023.62,1964.576
49.4479,7.79076,38067.742,1965.4854
49.4473,7.7922087,38022.273,1965.5986
49.44696,7.7926736,37992.87,1966.7954
49.44268,7.7952514,37988.598,1968.1406
49.439537,7.7947764,38096.516,1969.5243
49.439137,7.795376,37974.984,1970.0127
49.438892,7.7955093,37994.066,1971.1929
49.435505,7.7953877,38023.152,1972.2817
49.432285,7.797463,38019.06,1973.1
49.4302,7.7969217,37986.926,1973.8989
49.43001,7.799136,38062.43,1975.0249
49.427994,7.7999425,38027.6,1975.8862
49.424927,7.7998114,38017.68,1977.3727
49.42169,7.801114,37976.777,1978.0254
49.422306,7.801107,38030.035,1979.1744
49.420025,7.801717,38008.92,1980.2197
49.41518,7.8021736,38005.117,1980.8292
49.41542,7.8034625,38016.156,1982.2649
49.414085,7.803577,37992.33,1983.1497
49.411755,7.8046894,38069.477,1984.2789
49.40924,7.8042927,38013.086,1984.9423
49.406944,7.804943,38057.43,1986.082
49.403835,7.807174,38066.41,1987.04
49.401554,7.8073,37987.797,1987.7993
49.400845,7.809285,38007.164,1988.9117
49.39744,7.808324,38006.613,1989.7638
49.395596,7.809083,38105.48,1991.0354
49.39432,7.8095527,37983.848,1991.5935
49.39158,7.810812,38053.797,1993.2913
49.38918,7.811356,38030.555,1993.616
49.387512,7.812096,38025.84,1995.0596
49.3867,7.812509,38014.67,1996.3126
49.38278,7.8127875,38085.824,1997.1705
49.381092,7.8145785,37983.83,1997.8671
49.37845,7.815344,37983.99,1998.7997
49.376575,7.8150997,38093.67,2000.3394
49.375137,7.8154216,37988.613,2000.7987
49.372616,7.8164954,38006.93,2001.9519
49.370308,7.817409,38078.65,2002.8903
49.369495,7.817864,37999.023,2003.7555
49.366673,7.818527,38051.242,2004.5859
49.36559,7.8196607,38072.664,2005.9507
49.36255,7.821167,38062.164,2006.5516
49.359913,7.821084,37990.168,2007.9675
49.359085,7.8212795,38021.844,2008.745
49.357334,7.8213563,38014.207,2010.3011
49.354137,7.822083,38126.863,2011.1781
49.351627,7.8231344,37966.84,2011.8948
49.353363,7.827104,37967.547,2012.936
49.34912,7.8230753,38009.734,2013.189
49.34826,7.822197,38019.64,2015.0249
49.34639,7.8260517,38127.59,2015.7925
49.34287,7.8270907,37981.105,2016.853
49.342373,7.8278937,38004.86,2017.4387
49.338516,7.8277993,38032.562,2018.7887
49.334927,7.829155,37974.004,2019.6141
49.333447,7.829587,37979.973,2020.5428
49.331764,7.831529,38061.656,2021.8386
49.330845,7.832545,38012.043,2022.6996
49.32884,7.8320513,38015.168,2023.8911
49.325188,7.8327475,38057.6,2024.808
49.3231,7.833081,37965.37,2026.0988
49.32264,7.8324556,38060.03,2026.6267
49.318436,7.834887,37994.98,2027.8724
49.318222,7.8354206,37984.703,2028.9475
49.316895,7.8359375,38059.38,2029.3851
49.31355,7.8347383,38027.94,2031.001
49.31293,7.837969,38038.36,2031.8213
49.31103,7.8383455,37994.07,2032.4108
49.30787,7.8410497,37969.137,2033.4811
49.306175,7.8406625,38108.805,2034.7782
49.304455,7.8394737,37942.543,2035.7535
49.301144,7.8407016,38002.496,2036.6179
49.30132,7.841905,38042.336,2038.4097
49.298046,7.843109,37974.08,2038.6505
49.29476,7.8427544,38011.56,2039.6562
49.29292,7.8440113,38014.875,2040.9188
49.2909,7.8448987,37975.754,2041.7029
49.290634,7.8450866,38083.25,2042.9517
49.28778,7.8459864,37990.043,2043.6173
49.286087,7.846006,37980.906,2044.4039
49.283287,7.8474283,37983.21,2045.3538
49.2821,7.847932,37999.156,2046.9532
49.279186,7.848231,37990.94,2047.6057
49.278,7.8501554,37952.547,2048.6868
49.275494,7.8497324,37998.55,2049.4775
49.27428,7.850847,38011.92,2050.462
49.27078,7.8523617,38004.305,2051.4321
49.26882,7.8521495,38071.258,2052.572
49.2664,7.853404,38013.047,2053.1504
49.264942,7.8535275,38009.11,2054.5842
49.2624,7.8547544,38001.13,2055.559
49.26071,7.8570023,37991.945,2056.5833
49.259674,7.8572726,37997.44,2057.5942
49.256203,7.856938,37968.77,2059.0222
49.25538,7.857514,38109.707,2059.7166
49.253014,7.857958,37990.844,2060.3826
49.250618,7.85955,38012.13,2061.3677
49.24869,7.8609324,38039.957,2062.3704
49.24676,7.862155,37994.12,2063.6572
49.2439,7.861204,37998.12,2064.3997
49.24245,7.862601,37975.027,2065.5906
49.24217,7.8624225,38134.6,2066.556
49.23821,7.8642364,37962.76,2067.6677
49.23673,7.8641853,38016.78,2068.8562
49.235123,7.865851,38017.887,2069.2803
49.232147,7.867541,38006.81,2070.3958
49.229744,7.866681,37992.273,2071.211
49.22796,7.8672304,37965.113,2072.2864
49.226124,7.869392,38039.027,2073.474
49.22342,7.868972,37933.418,2074.1104
49.224506,7.8699718,38021.41,2075.4578
49.218815,7.8708544,38008.418,2076.2517
49.217957,7.872074,38010.727,2077.4172
49.215687,7.8746047,37977.88,2078.4705
49.21468,7.8727345,37993.688,2079.5054
49.21184,7.8738194,37996.48,2080.4158
49.20972,7.874311,37959.81,2080.9426
49.207073,7.8754106,37946.848,2082.1274
49.206673,7.8764367,37988.723,2083.1465
49.203545,7.876689,37954.656,2084.7117
49.201397,7.8768835,37983.87,2084.872
49.20026,7.876826,37974.367,2085.7769
49.196228,7.877346,37968.51,2088.1028
49.19793,7.8794684,37979.81,2087.2817
49.19449,7.880822,38026.62,2089.259
49.192326,7.879589,37932.418,2091.2524
49.186687,7.8835073,37937.867,2091.1443
49.188015,7.8821163,38002.81,2091.281
49.18731,7.884918,37957.0,2093.0771
49.182774,7.8827577,37957.145,2093.9717
49.181015,7.8857007,38017.363,2095.08
49.179466,7.885089,37990.836,2095.9407
49.177925,7.886281,37929.957,2097.2646
49.17492,7.887614,37952.227,2098.1292
49.172913,7.887284,37948.26,2099.1702
49.17063,7.8896427,37944.67,2100.368
49.169556,7.8894076,37941.86,2101.0962
49.166466,7.891295,37918.863,2101.9949
49.163788,7.890598,37925.062,2102.9355
49.16327,7.891231,37988.14,2104.4944
49.160954,7.892615,37928.434,2104.574
49.160378,7.89252,37900.824,2106.2202
49.155743,7.895606,37972.05,2107.3206
49.156235,7.895533,37943.992,2107.8188
49.156067,7.8959208,37832.73,2109.119
49.15069,7.896309,38023.38,2109.7551
49.14894,7.898162,37959.754,2111.314
49.14739,7.8995924,37923.41,2111.8523
49.143665,7.8997035,37944.215,2113.0847
49.14313,7.9005456,37952.746,2113.7507
49.1408,7.90155,37945.336,2114.8132
49.138527,7.901526,37930.28,2116.2522
49.137012,7.9027624,37978.836,2116.8801
49.136513,7.9035926,37941.812,2117.821
49.132442,7.903773,37919.8,2118.9106
49.129593,7.9064965,37926.996,2119.5105
49.12923,7.905244,37934.695,2120.865
49.12531,7.908714,37929.023,2121.687
49.125,7.9069166,37932.996,2122.805
49.12209,7.908015,37907.613,2124.026
49.11912,7.9087377,37933.996,2124.8657
49.118206,7.910071,37907.25,2125.4775
49.11576,7.9104624,37901.91,2126.7039
49.112953,7.9119444,37896.742,2128.0576
49.11182,7.9128127,37957.3,2128.7856
49.11075,7.9119334,37881.67,2130.1309
49.10686,7.915518,37870.18,2130.6829
49.106873,7.91626,37880.684,2132.0544
49.10658,7.917849,37870.066,2133.3835
49.10341,7.917901,38008.426,2133.6792
49.102093,7.917589,37827.82,2134.7024
49.09949,7.9181857,37878.29,2135.5913
49.09597,7.919407,37889.754,2137.0007
49.092754,7.9213176,37918.348,2136.724
49.092747,7.9214907,37911.555,2138.626
49.09017,7.9221907,37912.28,2139.6606
49.083828,7.922113,37912.547,2140.846
49.08435,7.928121,37911.215,2142.6965
49.082523,7.9257545,37922.457,2142.1667
49.080025,7.9263062,37881.055,2144.1592
49.079475,7.9243727,37926.133,2144.3499
49.074997,7.9273663,37858.562,2145.37
49.0744,7.927785,37893.617,2146.409
49.073044,7.9283457,37860.906,2147.797
49.071857,7.92985,37903.12,2148.5034
49.06887,7.929639,37856.727,2149.5605
49.06628,7.9308186,37847.504,2150.7786
49.065525,7.9311275,37849.926,2150.7593
49.063416,7.9326086,37947.727,2152.4827
49.061466,7.9322605,37846.805,2154.0183
49.05797,7.9356465,37858.305,2154.4988
49.05556,7.9347177,37871.605,2154.8662
49.056442,7.9381332,37917.695,2156.9963
49.052284,7.9372478,37846.984,2157.1475
49.050762,7.9381156,37902.46,2158.48
49.04857,7.938745,37862.08,2158.9978
49.045765,7.9394474,37856.453,2160.7488
49.043785,7.940464,37852.34,2161.5183
49.04248,7.9414234,37839.13,2162.324
49.04072,7.942211,37866.914,2163.5193
49.036945,7.9427276,37818.22,2164.3057
49.035282,7.94417,37818.668,2165.5205
49.034252,7.9442215,37801.35,2166.1353
49.031803,7.944995,37895.72,2167.6125
49.031017,7.9455576,37846.477,2168.1948
49.02765,7.947433,37833.36,2169.2637
49.026382,7.9475985,37836.312,2170.308
49.02427,7.9485774,37839.7,2171.3467
49.021202,7.949572,37834.12,2172.2976
49.01921,7.950928,37849.2,2173.3066
49.01745,7.9516954,37849.797,2174.2476
49.015007,7.9518595,37912.266,2175.2625
49.01341,7.953319,37840.56,2176.2761
49.011772,7.9538608,37844.195,2177.3108
49.00871,7.955429,37824.484,2178.27
49.007137,7.955024,37828.773,2179.0422
49.00633,7.956256,37817.652,2180.2556
49.004074,7.9573145,37831.574,2181.1914
49.0021,7.9584875,37821.96,2182.0552
48.999313,7.959022,37822.715,2183.189
48.997353,7.959118,37812.348,2183.9995
48.99443,7.961594,37805.195,2184.637
48.992653,7.961848,37777.133,2185.8828
48.992355,7.961246,37776.117,2187.0051
48.989017,7.961252,37913.855,2187.7908
48.98742,7.9635577,37800.21,2189.203
48.985565,7.9655695,37744.004,2189.969
48.983627,7.9641566,37875.41,2191.2195
48.98132,7.965294,37729.332,2191.755
48.979946,7.965822,37866.727,2193.3965
48.977974,7.96727,37821.14,2193.8926
48.973522,7.9675875,37735.625,2194.6724
48.974037,7.9689193,37848.273,2195.9487
48.97177,7.9703093,37759.543,2196.7336
48.96849,7.971866,37762.49,2197.859
48.96769,7.9707417,37792.496,2198.8486
48.964718,7.9718447,37767.31,2199.8171
48.96319,7.9735813,37763.336,2200.5916
48.960224,7.9753165,37769.72,2201.6523
48.959396,7.97486,37799.688,2202.6892
48.955116,7.974806,37799.727,2204.0073
48.954178,7.977168,37773.594,2204.94
48.953133,7.9782314,37748.707,2205.979
48.951138,7.97822,37729.094,2206.474
48.948856,7.97756,37852.062,2207.5996
48.944996,7.979959,37726.46,2208.9338
48.9453,7.9811263,37741.617,2209.8477
48.942177,7.980738,37736.92,2210.4146
48.941486,7.9816184,37730.684,2211.3433
48.937103,7.9819117,37728.87,2213.1191
48.93523,7.982557,37739.36,2213.3623
48.934856,7.983574,37780.363,2214.5269
48.932964,7.9843073,37719.207,2215.9612
48.930138,7.98433,37742.96,2216.4514
48.929604,7.9854474,37748.992,2217.3806
48.923805,7.987364,37697.746,2218.7412
48.926743,7.988129,37691.645,2219.4192
48.92326,7.9865313,37684.812,2219.7915
48.919186,7.9871197,37708.94,2221.3093
48.918633,7.9898324,37707.926,2222.5645
48.915916,7.9903255,37761.4,2223.2131
48.914867,7.9927983,37744.516,2224.5547
48.91081,7.993557,37735.465,2225.5828
48.910225,7.993008,37734.105,2226.0461
48.907074,7.9936366,37707.145,2227.3052
48.90637,7.9949765,37722.63,2228.3916
48.904064,7.996134,37745.35,2229.456
48.9015,7.995543,37678.81,2230.0168
48.899834,7.998136,37738.023,2231.5798
48.898087,7.9980464,37691.438,2232.4192
48.896286,7.9983597,37643.08,2233.1018
48.89421,7.9995646,37751.035,2234.5374
48.891167,8.000529,37644.08,2235.2544
48.890335,8.0012865,37648.98,2236.489
48.888546,8.001181,37700.105,2237.3982
48.884476,8.002804,37660.926,2238.212
48.88424,8.003362,37653.13,2239.0776
48.88234,8.002662,37659.355,2240.42
48.879257,8.00338,37657.117,2241.6018
48.876987,8.004228,37664.17,2242.2964
48.874584,8.005825,37631.746,2243.046
48.87417,8.006374,37615.656,2244.0684
48.87135,8.007608,37680.598,2245.1829
48.870007,8.009164,37614.19,2246.2432
48.86597,8.008318,37618.055,2247.0137
48.86438,8.009726,37622.625,2248.5244
48.863388,8.010191,37616.04,2248.958
48.860435,8.010074,37605.957,2249.8584
48.858624,8.011823,37619.645,2251.095
48.85798,8.01269,37658.812,2252.0586
48.854565,8.013778,37615.27,2253.2163
48.85282,8.013471,37619.145,2253.9353
48.851204,8.014494,37582.223,2255.1978
48.849117,8.015205,37686.965,2256.1038
48.848167,8.017613,37566.32,2256.9214
48.84582,8.017255,37582.64,2258.1172
48.842785,8.017302,37571.953,2258.709
48.84123,8.018062,37643.715,2260.087
48.83846,8.018182,37573.3,2260.7717
48.835796,8.019092,37585.848,2261.8506
48.83373,8.020849,37585.19,2263.2522
48.83218,8.020231,37656.973,2264.1343
48.83045,8.020315,37553.12,2265.474
48.82646,8.022324,37625.203,2265.8618
48.82773,8.024224,37548.105,2266.9915
48.825893,8.024526,37558.805,2267.8528
48.822342,8.020677,37547.91,2267.904
48.819855,8.023612,37542.344,2270.6433
48.8185,8.026052,37597.777,2270.4133
48.816883,8.026682,37556.703,2272.106
48.814575,8.02771,37567.203,2272.8315
48.812508,8.027927,37561.24,2273.6384
48.80997,8.0273285,37561.598,2274.6992
48.808083,8.029069,37532.6,2275.812
48.80527,8.030017,37524.863,2276.8013
48.8037,8.030767,37519.086,2277.3892
48.80116,8.030421,37505.477,2278.8743
48.79812,8.032873,37503.18,2279.5227
48.795692,8.033947,37509.68,2280.6733
48.797623,8.032386,37522.324,2281.6401
48.792656,8.034951,37512.77,2283.1917
48.789368,8.034826,37487.234,2284.0088
48.789776,8.039542,37610.023,2285.1807
48.787018,8.03638,37465.363,2285.5088
48.784576,8.037056,37478.535,2286.5337
48.781803,8.037808,37486.824,2287.6042
48.780914,8.037964,37487.84,2288.8806
48.779545,8.039368,37467.258,2289.6143
48.777157,8.041174,37458.082,2290.8071
48.77582,8.0399065,37533.484,2291.9346
48.773033,8.040674,37450.97,2292.6433
48.770885,8.041945,37463.527,2294.0007
48.768993,8.041998,37475.098,2294.4617
48.766617,8.042805,37467.605,2295.6892
48.764656,8.043822,37469.188,2296.549
48.761463,8.0452175,37478.29,2297.9414
48.760433,8.044634,37482.527,2299.2253
48.758762,8.046013,37443.23,2299.9539
48.755436,8.046763,37433.633,2300.8108
48.75492,8.047253,37434.758,2301.3555
48.751728,8.048553,37414.586,2302.4768
48.75033,8.048511,37424.016,2303.7793
48.746838,8.050578,37414.492,2304.791
48.745354,8.0496435,37435.37,2305.471
48.74305,8.051032,37432.73,2306.668
48.741806,8.051899,37419.438,2307.5923
48.740627,8.052094,37424.043,2308.4375
48.738785,8.053183,37416.99,2309.8887
48.735973,8.054106,37422.383,2310.432
48.73408,8.0541,37410.695,2311.8027
48.731457,8.054359,37404.39,2312.6887
48.729687,8.054677,37398.383,2313.6218
48.727962,8.055833,37417.12,2314.6855
48.725628,8.056498,37385.684,2315.3345
48.72405,8.057401,37366.27,2316.7012
48.7221,8.058422,37354.6,2317.1714
48.719345,8.057998,37359.918,2318.3772
48.718723,8.0594,37434.45,2319.626
48.714783,8.061127,37327.125,2320.5762
48.712578,8.0615425,37368.152,2321.9622
48.711796,8.061463,37375.914,2321.9958
48.70907,8.061336,37366.176,2323.5823
48.707478,8.062349,37357.676,2324.6633
48.70431,8.063465,37359.76,2325.9473
48.70125,8.065191,37367.8,2326.6023
48.699177,8.0656185,37373.812,2327.5679
48.699318,8.065214,37324.785,2328.5212
48.697937,8.065176,37380.754,2329.3494
48.694767,8.067514,37338.39,2330.5427
48.69142,8.066131,37362.59,2331.4448
48.689293,8.071347,37322.043,2333.1284
48.688873,8.072855,37362.312,2332.7363
48.686676,8.069293,37316.906,2335.2576
48.683735,8.069476,37302.02,2335.265
48.68049,8.070771,37308.133,2336.3809
48.68006,8.071315,37305.926,2337.7156
48.678883,8.071015,37317.246,2338.262
48.676067,8.071953,37287.074,2339.5068
48.67471,8.0724125,37283.766,2339.9563
48.672073,8.071967,37257.305,2341.8484
48.670044,8.074095,37324.95,2341.9468
48.66743,8.075731,37322.332,2343.5063
48.666103,8.074653,37278.297,2344.2578
48.663025,8.075822,37291.336,2345.2034
48.66112,8.075814,37269.22,2346.4412
48.660156,8.079439,37261.117,2347.4429
48.657112,8.0772705,37248.523,2348.356
48.656204,8.078679,37263.0,2349.3604
48.65389,8.078697,37265.68,2350.3672
48.65055,8.080382,37262.03,2351.4336
48.64946,8.081061,37273.547,2351.9397
48.64833,8.081748,37277.613,2353.1826
48.646004,8.082307,37265.04,2354.4788
48.64174,8.082337,37231.73,2355.3086
48.641525,8.082838,37193.457,2356.2139
48.640526,8.085295,37306.74,2357.681
48.636406,8.085124,37170.887,2358.546
48.634663,8.085048,37256.676,2359.3958
48.632565,8.085793,37206.152,2360.237
48.630695,8.087244,37186.04,2361.3127
48.627464,8.086757,37172.96,2362.2983
48.627167,8.087684,37203.0,2363.4922
48.625233,8.08817,37231.598,2364.517
48.621803,8.090146,37212.027,2365.2178
48.6209,8.091,37233.375,2366.6477
48.61862,8.09077,37192.91,2367.6978
48.61716,8.091534,37182.207,2368.4758
48.614933,8.093127,37246.94,2369.5845
48.611988,8.092767,37182.63,2370.6482
48.609653,8.092933,37186.082,2371.4138
48.607895,8.0933,37188.668,2372.3665
48.606155,8.095001,37181.8,2373.5942
48.603527,8.095495,37177.863,2374.4297
48.60269,8.096123,37136.727,2375.3923
48.600174,8.095908,37178.812,2376.0508
48.59802,8.098311,37210.254,2377.3064
48.59716,8.0980425,37120.38,2378.267
48.592854,8.097772,37133.07,2379.1863
48.59146,8.100139,37138.293,2380.7498
48.590458,8.101008,37180.414,2381.3862
48.586517,8.100781,37123.855,2382.4573
48.585506,8.100999,37132.094,2383.7246
48.583645,8.100672,37098.55,2384.7178
48.58083,8.1006,37163.895,2385.2195
48.57801,8.104671,37125.035,2386.4226
48.58007,8.105281,37145.242,2387.35
48.57617,8.102969,37125.3,2387.783
48.574486,8.101383,37113.68,2389.2844
48.57258,8.104327,37124.637,2390.6218
48.571114,8.107179,37081.7,2390.9932
48.568466,8.107666,37127.156,2391.8792
48.56742,8.110028,37097.324,2393.2456
48.56423,8.107367,37109.06,2394.1304
48.559677,8.107002,37096.39,2395.4832
48.558,8.109673,37099.176,2396.6726
48.557648,8.110796,37078.79,2397.7134
48.555805,8.111908,37146.71,2398.4634
48.552525,8.111061,37102.88,2399.4954
48.55093,8.112343,37077.48,2400.796
48.549133,8.113162,37069.707,2401.38
48.548035,8.112857,37068.38,2402.1777
48.54505,8.113297,37113.363,2403.4775
48.543835,8.113763,37070.723,2404.2324
48.543472,8.115196,37107.574,2405.6174
48.5391,8.113881,37036.082,2406.276
48.53807,8.117146,37099.137,2407.564
48.53453,8.116232,37053.906,2408.4902
48.533833,8.117061,37030.902,2409.5056
48.5308,8.118743,37071.8,2410.45
48.529335,8.1180105,37058.426,2411.5786
48.526367,8.119382,37030.633,2412.5205
48.524723,8.119761,37037.22,2413.2449
48.522964,8.121188,37039.2,2414.5125
48.521336,8.121618,37019.67,2415.066
48.518963,8.1223955,37008.312,2416.8345
48.515663,8.123582,37017.52,2417.2883
48.515568,8.123514,37005.195,2418.198
48.513077,8.123052,36989.582,2419.155
48.511036,8.123773,36970.57,2420.1448
48.509792,8.1232395,36965.39,2421.1777
48.50728,8.124504,36998.457,2422.5476
48.50488,8.126633,36930.824,2423.1785
48.503906,8.126388,37018.492,2424.524
48.500393,8.127253,36916.1,2425.2424
48.500435,8.127818,36975.7,2426.2864
48.496574,8.12838,36919.938,2427.3638
48.49504,8.129305,36950.887,2428.526
48.49285,8.130365,36962.723,2429.5298
48.49071,8.130825,36915.164,2430.2903
48.489075,8.130195,36935.11,2431.595
48.48686,8.132667,36932.824,2432.4077
48.485275,8.133742,36941.24,2433.1985
48.482315,8.133649,36969.09,2434.3972
48.48023,8.133459,36906.156,2435.2244
48.478203,8.134128,36900.47,2436.2473
48.476723,8.134356,36897.426,2437.3489
48.47411,8.135164,36864.992,2438.0503
48.47221,8.135539,36850.27,2439.2822
48.471565,8.136731,36972.133,2440.5188
48.46812,8.136256,36867.65,2441.2893
48.464684,8.1390505,36841.49,2442.441
48.46391,8.140174,36895.758,2443.502
48.462276,8.139436,36803.12,2443.7197
48.45995,8.139381,36903.617,2444.511
48.459698,8.139933,36815.203,2447.0698
48.456932,8.142312,36767.184,2446.8364
48.454773,8.143254,36823.2,2448.407
48.45144,8.143502,36769.82,2449.2412
48.451397,8.141494,36760.97,2450.2454
48.44725,8.144144,36819.79,2451.6934
48.444756,8.142829,36772.715,2452.0105
48.443325,8.148126,36749.04,2454.3247
48.44098,8.148078,36755.66,2453.3801
48.440006,8.145556,36805.38,2455.6545
48.436485,8.145404,36729.14,2456.2322
48.435474,8.14687,36728.113,2457.449
48.432632,8.148814,36711.348,2458.1948
48.432133,8.149492,36712.83,2459.1519
48.43095,8.150598,36704.582,2460.366
48.429543,8.147123,36696.582,2460.7988
48.42755,8.149555,36673.918,2463.113
48.4247,8.15179,36697.82,2463.3276
48.42168,8.151742,36696.59,2464.5913
48.42061,8.1523485,36653.496,2465.4016
48.41767,8.153471,36659.594,2465.6697
48.415543,8.154442,36620.168,2467.1003
48.414158,8.154627,36713.344,2468.3704
48.411556,8.155149,36714.14,2469.1719
48.41043,8.15521,36583.047,2470.007
48.40861,8.156749,36622.355,2471.3225
48.405277,8.156094,36603.996,2471.8694
48.40393,8.157134,36582.418,2473.205
48.402016,8.158078,36570.27,2474.202
48.399986,8.158364,36572.27,2474.893
48.396816,8.158188,36554.773,2476.5159
48.394196,8.160392,36549.055,2477.4385
48.392006,8.161316,36641.3,2477.6023
48.389927,8.160166,36514.215,2479.656
48.38912,8.16193,36486.715,2479.7507
48.388,8.162591,36656.9,2482.1558
48.384457,8.162117,36409.855,2482.228
48.38419,8.164317,36657.695,2483.475
48.382294,8.163812,36417.125,2484.3806
48.37947,8.163557,36447.676,2484.64
48.377216,8.165274,36480.31,2486.2253
48.376747,8.166588,36529.477,2487.264
48.37414,8.166518,36405.605,2488.1865
48.371624,8.167499,36420.414,2489.4966
48.36943,8.167626,36423.35,2490.012
48.366493,8.168553,36429.016,2490.9846
48.36509,8.168346,36404.793,2492.0808
48.362648,8.168337,36402.84,2493.43
48.36028,8.169634,36415.004,2494.2114
48.35877,8.1693735,36367.805,2495.1853
48.357975,8.1701975,36359.504,2495.897
48.3551,8.171563,36332.31,2496.776
48.352974,8.173006,36314.402,2498.2817
48.350674,8.173123,36431.02,2499.1848
48.34912,8.173901,36411.754,2500.349
48.346416,8.174278,36266.7,2501.0195
48.343082,8.173673,36261.15,2502.1326
48.341736,8.176831,36335.83,2503.2131
48.34092,8.176551,36394.074,2503.8435
48.338745,8.17577,36237.99,2505.7456
48.335545,8.176556,36263.35,2505.9514
48.334183,8.177823,36269.7,2507.3894
48.332775,8.178413,36256.32,2508.2285
48.330338,8.178884,36237.75,2508.4172
48.33078,8.177617,36226.11,2510.9917
48.32784,8.177532,36205.07,2510.5208
48.324062,8.179649,36148.7,2512.4993
48.32175,8.181027,36304.645,2512.1738
48.322304,8.180694,36235.992,2514.1833
48.318214,8.182132,36206.98,2515.6204
48.312866,8.181114,36159.527,2515.864
48.313942,8.183868,36151.023,2518.229
48.31147,8.186266,36140.957,2517.472
48.309216,8.185341,36121.387,2519.6433
48.30827,8.184068,36088.19,2520.042
48.306175,8.183871,36303.047,2521.6792
48.30346,8.185704,36034.043,2522.493
48.301785,8.187011,36049.24,2522.8157
48.302544,8.190197,36161.22,2524.9355
48.29919,8.184572,36056.14,2524.2668
48.29577,8.1867285,36048.168,2526.63
48.293854,8.187268,36088.707,2526.1755
48.292946,8.189203,36038.652,2528.281
48.291965,8.188626,36022.227,2529.4858
48.28661,8.189746,36112.37,2530.0908
48.284668,8.190468,35938.36,2531.2573
48.28514,8.192234,35943.9,2532.4856
48.281364,8.191416,35957.547,2533.363
48.279484,8.192104,36012.36,2533.71
48.27662,8.19356,35926.406,2535.1365
48.27548,8.193253,36002.54,2535.7854
48.272846,8.194132,35934.86,2537.2908
48.271427,8.194889,35906.918,2538.2292
48.269276,8.19415,35945.37,2538.994
48.26726,8.196338,35850.54,2539.7754
48.266033,8.195902,36095.15,2541.481
48.264137,8.195776,35808.547,2542.0278
48.259277,8.197028,35842.25,2543.0771
48.258667,8.198608,36006.16,2544.4814
48.257805,8.197494,35798.684,2544.9932
48.254345,8.1980715,35808.043,2546.424
48.25239,8.19838,35746.777,2546.9524
48.25337,8.200412,35920.473,2548.4111
48.249775,8.199152,35935.34,2549.0676
48.245827,8.199853,35696.45,2550.0056
48.244774,8.201284,35861.297,2551.119
48.242466,8.199802,35727.617,2551.9023
48.24078,8.202126,35693.22,2553.0557
48.238358,8.201898,35899.0,2553.9128
48.236767,8.203032,35759.555,2554.889
48.23466,8.203427,35649.73,2555.7273
48.23354,8.205388,35871.973,2557.3403
48.231068,8.202809,35600.32,2557.658
48.229355,8.205173,35728.516,2558.606
48.22817,8.205575,35759.812,2559.7654
48.225723,8.2071085,35695.312,2561.1895
48.224216,8.207402,35558.688,2562.2366
48.221207,8.206476,35626.5,2563.181
48.220432,8.208005,35668.453,2563.9685
48.216606,8.207509,35588.414,2565.4954
48.214836,8.207406,35613.676,2566.021
48.212162,8.209278,35613.164,2566.788
48.210255,8.21121,35602.83,2568.2825
48.210102,8.209942,35588.402,2569.4827
48.207348,8.210196,35641.074,2570.4067
48.203644,8.212513,35539.305,2571.0544
48.205128,8.214339,35504.24,2572.1226
48.201065,8.211025,35683.805,2572.284
48.200348,8.2081785,35500.098,2573.8892
48.197887,8.211349,35524.5,2575.5242
48.19428,8.214567,35496.168,2576.5276
48.194626,8.21213,35517.008,2575.792
48.190495,8.21582,35473.383,2577.5916
48.190594,8.212601,35507.87,2579.1462
48.182972,8.213904,35489.355,2580.1797
48.18197,8.216603,35409.65,2581.273
48.183765,8.222237,35548.543,2582.5818
48.18093,8.217943,35520.992,2583.3374
48.179325,8.212388,35293.23,2583.2666
48.174126,8.216636,35506.875,2585.4492
48.17448,8.217777,35269.523,2585.8323
48.17211,8.218681,35569.72,2586.838
48.172474,8.217343,35282.938,2587.3455
48.171276,8.217896,35336.082,2588.7695
48.166714,8.215864,35372.62,2589.5212
48.165005,8.217831,35320.45,2590.9746
48.162407,8.2211895,35540.414,2591.1614
48.16237,8.220072,35321.805,2592.7405
48.158806,8.220182,35313.695,2594.1235
48.15516,8.22114,35355.168,2595.233
48.1549,8.222657,35292.05,2596.0566
48.152542,8.2217865,35227.984,2596.7263
48.147964,8.222678,35339.906,2597.7341
48.148434,8.223485,35388.156,2598.0625
48.144814,8.221627,35166.68,2599.9788
48.14233,8.223509,35379.37,2600.201
48.14205,8.22386,35410.043,2601.3516
48.139923,8.22428,35210.92,2602.6765
48.13731,8.224183,35257.336,2603.4583
48.13696,8.225683,35262.88,2604.8987
48.13319,8.225686,35256.453,2605.827
48.129646,8.225901,35190.258,2606.6377
48.12841,8.226537,35466.29,2607.9338
48.126377,8.226565,35192.367,2608.8428
48.1247,8.225831,35232.2,2610.496
48.12101,8.227729,35207.484,2610.9507
48.122173,8.229056,35137.945,2611.6624
48.120567,8.229348,35355.28,2613.169
48.116882,8.228784,35132.273,2613.5579
48.114964,8.229335,35162.62,2614.7847
48.11242,8.228377,35145.04,2615.19
48.11072,8.229247,35381.78,2616.691
48.10908,8.229835,35083.848,2617.7532
48.10791,8.231075,35162.65,2618.5735
48.10345,8.231352,35093.1,2619.6016
48.102898,8.231597,35343.48,2620.7903
48.101658,8.231118,35025.59,2621.3396
48.097713,8.232568,35261.27,2622.1863
48.096012,8.232159,35206.37,2623.6196
48.093952,8.233262,35083.76,2624.4907
48.092144,8.233976,35109.96,2625.4438
48.089874,8.233477,35114.684,2626.618
48.087833,8.235203,35116.945,2627.5269
48.086185,8.234789,35114.02,2628.6414
48.08395,8.235484,35078.297,2629.6929
48.0826,8.236123,35152.98,2630.0273
48.080948,8.233979,35128.04,2631.7842
48.07759,8.235505,34995.41,2632.644
48.076767,8.235022,35251.977,2633.6794
48.07427,8.236795,35141.008,2634.1638
48.071297,8.236168,35115.773,2635.2852
48.069954,8.236534,34982.12,2635.9353
48.067307,8.238137,35201.957,2637.4639
48.065075,8.237508,34958.62,2638.5295
48.063686,8.24028,35105.883,2639.0562
48.06186,8.239775,35128.37,2640.1753
48.059017,8.235882,34969.7,2641.6267
48.056335,8.238908,35154.523,2643.0044
48.056583,8.23914,34907.01,2643.3545
48.054127,8.240188,35079.438,2644.1265
48.05181,8.238412,35055.008,2644.394
48.05156,8.238845,35036.875,2646.5679
48.048294,8.240692,34999.465,2647.8396
48.0464,8.2428665,34976.953,2648.2734
48.044262,8.244981,35162.207,2648.459
48.04399,8.241986,34925.105,2650.0767
48.03824,8.242378,35245.965,2651.656
48.03154,8.242539,34995.055,2652.0764
48.034046,8.250934,34958.29,2654.3699
48.03296,8.2488575,35170.977,2653.5388
48.030308,8.243764,34960.33,2656.1853
48.026245,8.243097,34985.254,2655.8984
48.02574,8.245632,34980.387,2657.4646
48.023655,8.245998,35040.527,2658.4824
48.02307,8.242635,34978.715,2658.4631
48.020508,8.24481,34977.715,2660.4072
48.01719,8.245888,34965.652,2661.2363
48.016216,8.245946,35032.145,2662.1318
48.014736,8.247523,34969.43,2662.963
48.01298,8.246723,34962.16,2664.358
48.009922,8.248335,34947.926,2664.8994
48.0087,8.2475195,34928.16,2666.0352
48.006298,8.248562,35075.383,2666.8596
48.00304,8.247385,34939.965,2668.1213
48.0022,8.249377,34952.098,2669.4849
48.00064,8.249287,34955.312,2669.67
47.997883,8.249944,34963.2,2671.2903
47.995735,8.249117,34961.58,2672.0518
47.993958,8.250426,34922.754,2672.5835
47.992554,8.250929,34953.973,2673.8652
47.99062,8.249888,35072.773,2674.4724
47.986492,8.250158,34848.62,2675.7717
47.985584,8.250329,35035.62,2676.8901
47.983467,8.251149,34909.613,2678.0422
47.98107,8.251507,34943.957,2679.0425
47.979576,8.25294,34941.55,2679.9124
47.97782,8.2515335,34952.055,2680.6848
47.974464,8.252109,34926.91,2681.8254
47.973217,8.252521,34864.402,2683.1777
47.971752,8.253004,35050.137,2683.6707
47.96943,8.253198,35039.223,2684.5603
47.966858,8.253858,34895.7,2685.4807
47.964825,8.253504,34848.863,2686.6873
47.964153,8.254258,34991.88,2687.6052
47.962696,8.255364,35090.4,2688.9233
47.959316,8.253919,34836.582,2689.8674
47.956245,8.255567,34868.7,2690.9019
47.956337,8.255961,35101.33,2692.052
47.952408,8.256416,34891.445,2692.7056
47.951355,8.255448,34923.383,2693.9155
47.949566,8.257051,34929.945,2694.59
47.946785,8.257369,34917.69,2696.0054
47.944416,8.256308,34900.363,2696.3684
47.943283,8.257339,34833.79,2697.9978
47.941704,8.259881,35141.152,2698.7727
47.93799,8.257129,34789.805,2699.6035
47.93636,8.259577,34967.68,2701.5256
47.93522,8.259875,34910.1,2700.5908
47.933907,8.256911,35015.824,2703.0508
47.930016,8.258607,34823.723,2703.547
47.92654,8.260412,34881.47,2705.0369
47.926792,8.26227,34913.094,2706.0496
47.925022,8.260365,34906.31,2706.662
47.92273,8.260619,34874.34,2707.3716
47.921345,8.26212,34912.83,2708.5579
47.916622,8.260885,35049.02,2709.8591
47.914364,8.263909,34872.516,2710.6558
47.91226,8.261725,34939.03,2711.6226
47.91344,8.260098,34920.434,2713.287
47.909138,8.260799,34865.96,2713.24
47.907433,8.264498,34998.547,2715.194
47.90938,8.266153,34987.617,2715.7988
47.90344,8.259872,34832.01,2715.8564
47.90384,8.262519,34933.566,2718.2024
47.90035,8.263513,34896.477,2717.8875
47.898167,8.265024,34836.582,2719.8633
47.897808,8.265398,34995.344,2720.4653
47.89321,8.263975,34916.016,2721.4739
47.891953,8.264789,34819.95,2722.2534
47.889324,8.267626,34951.188,2723.8606
47.888165,8.266282,34933.1,2724.6558
47.885887,8.266758,34862.39,2725.3909
47.884197,8.266459,34935.85,2726.8103
47.881134,8.265404,34850.473,2727.4587
47.87924,8.268727,34815.45,2728.1157
47.87868,8.267644,35039.184,2729.2341
47.87645,8.2678385,34809.426,2730.5164
47.872513,8.268202,34934.145,2731.3174
47.869476,8.268682,34862.41,2732.4287
47.869576,8.269048,34857.152,2733.367
47.867462,8.269561,34895.105,2734.1792
47.865578,8.270172,34856.836,2735.3042
47.86275,8.268998,34857.4,2736.1
47.862526,8.271019,34926.266,2737.0125
47.858673,8.270221,34816.76,2738.1926
47.85788,8.270475,34949.113,2738.9377
47.8557,8.270611,34926.26,2740.329
47.852013,8.269711,34808.984,2741.2656
47.851467,8.270348,34882.312,2742.2715
47.84986,8.272702,34957.113,2743.497
47.8474,8.271611,34887.2,2744.2607
47.844833,8.271583,34867.715,2745.0796
47.8428,8.271903,34885.613,2746.0579
47.84064,8.271525,34888.816,2746.965
47.83812,8.272185,34884.83,2748.4453
47.836903,8.272593,34878.645,2749.3594
47.83499,8.273318,34880.96,2750.113
47.832222,8.272504,34865.266,2750.5747
47.830734,8.273771,34988.562,2752.4695
47.82792,8.274366,34848.543,2752.8281
47.827343,8.274652,34859.773,2754.0535
47.82464,8.2745695,34904.188,2755.1125
47.822224,8.275485,34848.105,2756.3242
47.819916,8.275543,34823.594,2757.026
47.81886,8.275589,34942.258,2758.2583
47.81621,8.275038,34785.035,2759.0598
47.815662,8.276771,34946.074,2760.4343
47.812065,8.27741,34887.6,2761.1736
47.809776,8.275847,34806.617,2762.259
47.808468,8.276819,34951.13,2762.96
47.80669,8.277093,34948.49,2763.7288
47.80393,8.277089,34826.332,2764.778
47.802364,8.277051,34837.133,2765.967
47.799843,8.277414,34861.996,2767.087
47.7992,8.278451,34931.996,2768.113
47.796764,8.277881,34786.0,2768.5156
47.79468,8.279788,34898.094,2770.2107
47.792744,8.280571,34957.734,2771.6155
47.790474,8.279087,34781.76,2772.0513
47.788086,8.279263,34828.605,2773.109
47.78614,8.279089,34848.766,2773.8804
47.784855,8.278897,34899.812,2775.0396
47.781757,8.279816,34846.477,2776.1277
47.779976,8.279758,34840.25,2777.1494
47.777386,8.279816,34835.336,2777.9026
47.77565,8.280076,34840.33,2779.0874
47.77479,8.280956,34888.64,2780.0127
47.771336,8.278854,34830.562,2780.841
47.769695,8.280914,34858.61,2782.03
47.76713,8.282314,34852.73,2782.5972
47.765205,8.281251,34838.94,2783.6582
47.763435,8.282372,34884.137,2785.089
47.761242,8.282481,34812.836,2785.5803
47.75906,8.282749,34826.688,2786.9119
47.757954,8.2821045,34819.164,2787.6536
47.75565,8.2828045,34803.277,2788.9358
47.752445,8.283939,34813.754,2789.815
47.750736,8.283523,34815.727,2790.7622
47.74889,8.283372,34803.38,2791.9333
47.749714,8.283397,34961.586,2793.076
47.743225,8.283226,34764.582,2793.3735
47.74481,8.284404,34837.168,2794.606
47.742535,8.28389,34792.434,2795.4407
47.738354,8.282822,34932.523,2796.6345
47.7382,8.28491,34770.953,2798.4487
47.73527,8.28498,34781.895,2798.482
47.73401,8.286048,34789.324,2799.705
47.730644,8.286448,34791.902,2800.1902
47.729492,8.286135,34903.566,2801.755
47.726486,8.284978,34722.207,2802.3608
47.724564,8.286889,34864.023,2803.4255
47.723255,8.287198,34861.73,2805.2402
47.722137,8.286439,34818.293,2805.417
47.718437,8.286903,34724.598,2806.8235
47.716885,8.287347,34821.32,2807.4834
47.71463,8.287879,34869.688,2808.4775
47.713272,8.287469,34832.277,2809.4468
47.70967,8.288458,34768.312,2811.214
47.707134,8.287439,34821.5,2811.624
47.70819,8.287985,34793.3,2812.7036
47.703632,8.287869,34793.613,2813.1929
47.703014,8.288621,34799.266,2814.2478
47.700863,8.289057,34780.51,2815.6702
47.698196,8.288681,34780.957,2816.8765
47.695885,8.289595,34815.6,2817.4856
47.695156,8.288914,34757.684,2818.2976
47.693043,8.289432,34773.89,2819.4028
47.690186,8.290478,34805.414,2820.6526
47.68959,8.290422,34826.184,2821.2952
47.6855,8.290254,34770.65,2822.16
47.684994,8.29099,34768.734,2823.7175
47.682007,8.291419,34770.844,2823.7498
47.680504,8.290726,34757.535,2825.525
47.67798,8.291675,34736.13,2826.5024
47.675995,8.291556,34817.72,2827.1729
47.674473,8.292567,34757.785,2828.8203
47.671482,8.291516,34739.883,2829.0479
47.66978,8.291742,34747.83,2831.053
47.667812,8.291767,34752.004,2831.0442
47.66622,8.291348,34728.37,2832.226
47.66371,8.293031,34724.37,2833.223
47.661224,8.293008,34721.04,2834.5742
47.659794,8.29387,34832.09,2835.0688
47.658962,8.292789,34729.74,2835.82
47.65586,8.293743,34745.125,2837.4949
47.654243,8.293913,34726.18,2837.8489
47.652348,8.294065,34699.766,2839.4778
47.649452,8.296839,34742.14,2839.4885
47.648727,8.29508,34833.652,2841.3586
47.645718,8.295126,34690.105,2841.836
47.642452,8.294552,34710.203,2843.3418
47.641506,8.2983885,34699.484,2844.6904
47.639477,8.295603,34668.56,2844.939
47.636673,8.29634,34802.344,2847.2783
47.634396,8.295758,34664.41,2847.058
47.633266,8.296447,34677.082,2848.6042
47.63093,8.296721,34685.277,2849.2314
47.629093,8.296433,34691.12,2850.3105
47.627636,8.295812,34675.13,2850.8945
47.625763,8.295892,34631.125,2852.437
47.62199,8.296767,34767.4,2853.0618
47.620575,8.2971,34619.24,2854.0073
47.61918,8.296767,34607.01,2854.8945
47.61918,8.296001,34852.477,2857.5205
47.612576,8.298335,34593.773,2857.2268
47.612537,8.296741,34587.887,2856.8188
47.613873,8.300735,34644.12,2858.8977
47.60794,8.295145,34657.36,2859.815
47.60773,8.297344,34585.965,2861.3818
47.60632,8.299486,34641.836,2861.4893
47.60297,8.30002,34587.36,2863.445
47.600044,8.30091,34589.223,2864.212
47.59798,8.300054,34722.203,2865.3562
47.59677,8.299706,34577.44,2865.9592
47.59412,8.30027,34665.656,2867.4485
47.59239,8.301217,34563.55,2868.387
47.590946,8.302057,34671.977,2868.91
47.587498,8.3016615,34579.473,2870.448
47.58546,8.301245,34589.156,2871.1406
47.582993,8.302733,34583.48,2871.4272
47.582386,8.300548,34580.824,2872.9521
47.579826,8.302571,34546.42,2874.6816
47.576588,8.303122,34723.586,2874.9565
47.57627,8.30276,34547.137,2876.243
47.57384,8.3024,34549.75,2876.5566
47.570107,8.303306,34512.324,2877.7998
47.570515,8.304588,34702.95,2878.9229
47.567814,8.302234,34494.344,2880.4028
47.56466,8.303573,34585.57,2880.905
47.56333,8.303625,34517.47,2881.5562
47.562096,8.30413,34507.875,2882.9827
47.559597,8.304282,34522.0,2883.463
47.558052,8.304642,34463.582,2884.8655
47.556744,8.307403,34637.156,2886.1907
47.55291,8.304394,34465.086,2887.0486
47.550407,8.305755,34501.543,2887.7363
47.548897,8.305128,34471.36,2888.954
47.547348,8.306475,34660.65,2889.851
47.544506,8.305207,34413.37,2890.5
47.54281,8.306438,34540.113,2891.6172
47.540146,8.306545,34579.36,2892.749
47.539055,8.3060465,34382.46,2894.1628
47.536613,8.307599,34554.32,2895.0728
47.534878,8.306138,34394.0,2895.4578
47.532894,8.306891,34550.098,2896.8728
47.530262,8.307958,34517.082,2898.0024
47.527527,8.308261,34474.84,2898.7485
47.52575,8.308348,34447.105,2899.4048
47.52472,8.309117,34451.86,2900.7332
47.522533,8.307958,34478.176,2901.597
47.52052,8.307084,34307.816,2901.8835
47.517776,8.30922,34533.207,2904.243
47.516125,8.3102,34329.742,2904.8215
47.514503,8.310034,34416.715,2905.6665
47.512814,8.310753,34451.316,2906.783
47.510643,8.309253,34355.51,2906.749
47.507717,8.308855,34454.02,2909.3909
47.506626,8.30968,34347.566,2909.4014
47.504448,8.311379,34432.12,2911.036
47.502396,8.3108835,34333.4,2911.7886
47.49982,8.312248,34470.387,2912.928
47.497128,8.310257,34337.676,2913.4275
47.495625,8.311522,34363.527,2914.5024
47.491978,8.31302,34344.926,2916.3196
47.490555,8.312131,34291.305,2916.0786
47.489025,8.313838,34499.145,2917.8914
47.486465,8.312845,34353.574,2918.2673
47.483532,8.313705,34342.043,2919.4336
47.484486,8.313195,34309.777,2920.027
47.481255,8.313615,34322.625,2921.4001
47.476837,8.31253,34301.27,2922.7192
47.47541,8.313461,34254.176,2923.4673
47.47482,8.314793,34399.93,2924.881
47.47272,8.314371,34225.277,2925.637
47.47107,8.314727,34267.164,2926.485
47.469505,8.314765,34273.12,2927.7822
47.466476,8.314929,34227.543,2928.411
47.46457,8.317443,34387.484,2930.0706
47.463436,8.316353,34206.41,2930.4475
47.459938,8.315727,34226.996,2931.1125
47.45816,8.316381,34198.465,2932.5493
47.45689,8.318644,34385.21,2933.3303
47.454315,8.317751,34163.535,2934.5977
47.45225,8.317505,34215.008,2935.4417
47.449623,8.318081,34206.434,2936.6199
47.44792,8.317501,34144.523,2937.597
47.44539,8.3178,34261.21,2938.4292
47.444233,8.318363,34238.016,2939.709
47.441742,8.319011,34216.723,2940.234
47.439945,8.318296,34123.465,2941.0913
47.437405,8.318282,34123.523,2942.22
47.43601,8.320111,34314.38,2943.1716
47.433487,8.3174305,34106.664,2944.0151
47.430534,8.318853,34134.97,2945.5508
47.430187,8.3211355,34144.35,2946.298
47.4276,8.319574,34150.035,2947.137
47.42492,8.319039,34140.492,2948.2354
47.423367,8.320008,34120.188,2949.5762
47.42114,8.320173,34078.21,2949.853
47.419704,8.320542,34212.19,2951.2214
47.417503,8.321783,34069.816,2952.206
47.4142,8.321437,34094.895,2953.1155
47.413395,8.321508,34100.707,2954.1821
47.410336,8.322184,34059.035,2955.215
47.409184,8.321755,34077.445,2956.4114
47.40865,8.3234625,34141.258,2957.6184
47.405884,8.321239,34022.867,2958.0098
47.402554,8.32308,34036.45,2959.7617
47.401283,8.324169,34038.88,2960.124
47.399364,8.323057,34048.902,2961.098
47.39672,8.322707,34020.965,2961.6975
47.39601,8.323748,33990.418,2963.22
47.39227,8.325011,34123.746,2964.1245
47.390038,8.325633,33955.504,2965.4373
47.388405,8.325901,33941.906,2966.564
47.38678,8.326273,34094.504,2967.2307
47.38456,8.323852,33865.89,2968.5544
47.38334,8.326942,34118.01,2969.4048
47.38057,8.325535,33905.43,2969.8665
47.378166,8.325867,33950.508,2971.2092
47.376495,8.329182,33964.566,2973.4385
47.373543,8.326902,33867.46,2972.8071
47.373158,8.324993,33985.477,2973.8796
47.368385,8.32816,33955.312,2975.2021
47.366898,8.325553,33849.707,2975.2341
47.36668,8.326794,33881.605,2977.7559
47.364094,8.327461,33862.39,2977.6729
47.36193,8.328567,33966.414,2979.7866
47.360035,8.328437,33771.395,2979.739
47.358524,8.331695,34064.645,2980.8916
47.35597,8.3274145,33783.242,2981.8794
47.354618,8.329007,33810.688,2983.304
47.35095,8.330895,33838.37,2982.9927
47.35117,8.329414,33809.67,2985.1326
47.34712,8.330519,33825.84,2986.9478
47.344215,8.331518,33868.176,2986.9192
47.343456,8.332177,33792.695,2987.5708
47.340897,8.332276,33785.543,2988.7644
47.339886,8.330349,33744.76,2990.2744
47.337505,8.332664,33930.977,2990.8674
47.33447,8.331652,33735.67,2991.9739
47.33334,8.332847,33758.68,2993.099
47.331417,8.33397,33755.844,2994.066
47.329716,8.333202,33735.242,2995.1216
47.326664,8.332325,33760.133,2996.0408
47.325504,8.333359,33741.68,2997.2996
47.32303,8.334249,33722.348,2997.299
47.321423,8.333677,33693.11,2999.1401
47.318485,8.334709,33780.926,2999.9927
47.316708,8.334926,33657.195,3000.7297
47.316216,8.334372,33581.184,3001.7705
47.315006,8.338822,33997.094,3003.3357
47.311462,8.335083,33558.535,3003.6963
47.30832,8.336174,33635.47,3004.492
47.30752,8.335772,33661.03,3005.85
47.304554,8.337697,33650.51,3006.3503
47.302036,8.337644,33631.742,3007.1162
47.301376,8.338144,33615.93,3009.0747
47.29836,8.337388,33610.43,3009.3147
47.29613,8.337813,33594.89,3010.675
47.29488,8.3380575,33549.277,3011.7908
47.293495,8.34024,33661.32,3012.779
47.290234,8.338633,33517.113,3014.159
47.2874,8.339344,33530.562,3015.0544
47.28643,8.3387375,33510.598,3015.8489
47.284573,8.340372,33628.32,3016.8445
47.28284,8.339671,33518.344,3017.7239
47.281063,8.34052,33480.766,3018.6882
47.27882,8.340063,33428.11,3019.4307
47.27769,8.342907,33668.957,3021.775
47.275417,8.343639,33419.223,3021.2087
47.272697,8.341757,33448.082,3022.8477
47.27015,8.34224,33429.695,3023.635
47.268757,8.341559,33543.562,3024.8337
47.266064,8.34205,33412.59,3025.5486
47.26225,8.34366,33398.387,3027.1099
47.259842,8.347335,33472.246,3029.0457
47.25993,8.345836,33386.754,3027.921
47.258312,8.34233,33271.023,3030.765
47.256924,8.346124,33667.312,3031.3057
47.25327,8.345288,33264.55,3030.8372
47.252354,8.345976,33322.676,3033.0354
47.250343,8.344011,33342.65,3033.21
47.246346,8.346021,33387.812,3034.1802
47.24453,8.347319,33312.918,3035.8882
47.243305,8.347712,33307.832,3036.917
47.241604,8.348202,33348.277,3037.9636
47.238613,8.3476715,33316.637,3038.839
47.23708,8.3471155,33285.38,3039.6116
47.235146,8.347213,33235.28,3040.865
47.23503,8.34969,33404.61,3041.7898
47.231274,8.348609,33197.29,3043.4126
47.228493,8.348766,33216.547,3043.9429
47.22765,8.3501835,33313.34,3043.8726
47.224697,8.348959,33212.473,3046.0918
47.222816,8.34969,33214.38,3046.4133
47.22048,8.35064,33162.67,3047.2559
47.219692,8.349583,33294.75,3048.826
47.2162,8.352007,33146.098,3049.441
47.215187,8.351286,33163.098,3050.59
47.21271,8.351746,33159.367,3051.614
47.209896,8.353362,33153.707,3052.7214
47.20746,8.352262,33135.938,3053.8823
47.20614,8.353045,33095.574,3054.719
47.20402,8.353207,33118.414,3055.9148
47.20104,8.353388,33134.92,3056.2324
47.200623,8.353929,33058.13,3057.843
47.200054,8.354714,33024.676,3058.65
47.197746,8.354717,33181.492,3059.989
47.194008,8.354452,33016.75,3060.565
47.192287,8.356093,33035.465,3061.443
47.190056,8.354935,33005.613,3062.8215
47.188934,8.35698,33038.8,3063.524
47.187313,8.357819,33050.473,3064.609
47.18392,8.357203,32981.195,3066.016
47.18235,8.356488,33006.277,3066.5906
47.179764,8.356609,32983.63,3067.6116
47.17785,8.35788,32969.62,3068.5972
47.176487,8.357797,32970.99,3069.2424
47.173702,8.358082,32950.895,3070.6633
47.172207,8.358718,32946.52,3071.6377
47.169426,8.358526,32917.67,3072.5369
47.16792,8.358411,32870.35,3073.4841
47.165806,8.358825,32890.742,3074.47
47.164555,8.36114,32963.16,3075.3503
47.16257,8.360534,32899.848,3076.855
47.159576,8.360527,32806.945,3077.4924
47.158493,8.360967,32859.277,3079.0964
47.154854,8.36129,32809.508,3079.407
47.153652,8.361133,32819.973,3080.43
47.15149,8.362136,32821.504,3082.2039
47.147545,8.361541,32794.15,3082.121
47.147747,8.362238,32735.834,3085.4429
47.1456,8.366628,32909.297,3083.8333
47.14345,8.364689,32632.166,3086.8848
47.140785,8.364681,32717.707,3086.3538
47.139507,8.365129,32833.79,3088.25
47.13932,8.364367,32661.023,3089.1353
47.133957,8.36673,32627.793,3089.5823
47.134827,8.369287,32763.213,3090.6216
47.132576,8.363344,32661.76,3091.2192
47.130726,8.360748,32641.11,3092.963
47.12756,8.364285,32663.127,3092.8228
47.125202,8.368878,32634.865,3095.3267
47.126423,8.366857,32647.102,3096.1333
47.120083,8.364164,32627.031,3096.509
47.118576,8.367757,32590.857,3098.0435
47.11737,8.369267,32581.863,3098.684
47.115505,8.367101,32557.535,3099.791
47.113567,8.367034,32538.299,3100.7263
47.110947,8.366953,32510.672,3101.2751
47.10906,8.368739,32581.389,3103.0657
47.10755,8.367631,32445.35,3103.3508
47.106342,8.370669,32567.002,3104.745
47.10228,8.371264,32440.82,3105.5269
47.101334,8.371221,32473.227,3106.7869
47.097393,8.370612,32452.871,3107.3093
47.096714,8.370353,32431.93,3109.046
47.096,8.370278,32433.748,3109.8477
47.091507,8.373921,32431.773,3111.3894
47.091072,8.372306,32390.824,3111.6997
47.08846,8.374066,32391.172,3114.0022
47.08547,8.373495,32358.639,3114.0525
47.08574,8.37367,32363.85,3115.305
47.08265,8.373225,32350.219,3115.3057
47.082623,8.370428,32295.268,3117.0842
47.078533,8.373287,32320.385,3117.698
47.07685,8.375349,32299.729,3118.7856
47.07551,8.374067,32259.115,3119.0876
47.0737,8.37619,32264.812,3121.3867
47.072796,8.374674,32369.586,3121.426
47.06774,8.371514,32151.684,3123.0645
47.06707,8.3768015,32348.273,3123.946
47.06626,8.374434,32155.754,3124.6152
47.061924,8.375812,32180.863,3125.9758
47.06009,8.376339,32190.725,3127.9348
47.059505,8.376777,32154.053,3127.944
47.056,8.376897,32151.322,3129.2651
47.053318,8.375972,32133.365,3130.1707
47.054054,8.3767605,32103.643,3130.7163
47.05298,8.377796,32082.307,3132.5095
47.047962,8.378544,32102.656,3132.8896
47.046215,8.378329,32071.344,3133.6887
47.043964,8.3778,32045.018,3135.434
47.04268,8.379168,32063.652,3135.8613
47.040123,8.378967,32022.27,3136.948
47.03707,8.380642,31991.799,3138.3271
47.037193,8.380999,31984.979,3139.5037
47.03398,8.379831,31943.727,3139.7336
47.032433,8.382357,31950.6,3140.9019
47.03124,8.381697,31904.82,3142.9192
47.028423,8.381039,31894.979,3142.4155
47.026752,8.380812,31875.67,3144.7075
47.024258,8.384021,31898.865,3145.2402
47.02286,8.383087,31863.877,3146.056
47.01891,8.380536,31847.332,3146.6243
47.017,8.383625,31823.41,3149.3254
47.014805,8.389405,31822.14,3151.1094
47.014317,8.388775,31797.875,3147.9373
47.011963,8.383358,31786.766,3153.493
47.00594,8.385579,31757.695,3151.7422
47.00766,8.387232,31747.93,3153.7024
47.00624,8.385735,31709.758,3154.6719
47.004692,8.38869,31675.34,3155.4285
47.003387,8.388573,31690.996,3156.013
47.00175,8.383717,31651.367,3154.9502
46.998676,8.384398,31585.229,3160.0366
46.9967,8.391537,31586.27,3158.0103
46.995865,8.388132,31595.752,3159.5698
46.994095,8.3895445,31630.865,3162.5032
46.989986,8.388495,31502.6,3161.5474
46.988125,8.39089,31598.885,3163.7678
46.98614,8.389574,31455.795,3165.1628
46.985397,8.385643,31503.088,3163.4502
46.98247,8.388256,31478.822,3167.7385
46.97802,8.39319,31492.113,3167.5989
46.97837,8.390499,31436.93,3168.0676
46.976448,8.391542,31443.99,3169.6523
46.973354,8.39506,31457.52,3169.4685
46.97196,8.393513,31412.646,3172.7444
46.969486,8.393093,31399.777,3171.147
46.969,8.393331,31371.023,3172.7585
46.96583,8.3925295,31350.852,3176.4832
46.96358,8.397196,31312.08,3172.8818
46.962677,8.392033,31314.371,3176.8054
46.958775,8.3967495,31289.39,3179.354
46.95643,8.397971,31302.4,3177.8997
46.956017,8.3946295,31197.469,3179.108
46.954216,8.398062,31255.691,3181.2954
46.95155,8.395218,31158.355,3181.1587
46.949165,8.39539,31174.504,3183.1956
46.94772,8.397992,31172.932,3182.8035
46.94557,8.396062,31129.955,3184.7417
46.944515,8.399382,31123.725,3185.1484
46.94195,8.398123,31160.021,3186.7595
46.93941,8.395702,31039.816,3187.723
46.936626,8.397956,31021.365,3188.4019
46.935886,8.399286,31053.69,3189.0823
46.933067,8.398212,31013.38,3190.178
46.93103,8.399901,30986.686,3192.3125
46.929092,8.400496,30956.926,3192.9407
46.926792,8.400504,30905.91,3193.8103
46.925358,8.402696,31005.754,3194.4124
46.92271,8.400656,30886.957,3195.3723
46.921886,8.40164,30889.967,3197.0078
46.919334,8.400572,30883.172,3197.4211
46.9159,8.402955,30858.123,3198.986
46.91541,8.402686,30829.111,3200.006
46.91338,8.403349,30822.527,3200.4216
46.91112,8.404329,30803.643,3202.0847
46.908306,8.404688,30776.9,3202.2534
46.906666,8.404922,30757.13,3203.74
46.90537,8.405,30736.783,3204.7727
46.903477,8.406281,30715.377,3206.4927
46.899475,8.406061,30677.746,3206.821
46.8976,8.4100065,30663.428,3207.9207
46.896557,8.407109,30642.865,3208.0474
46.895184,8.406588,30610.482,3210.2341
46.89055,8.407442,30530.447,3210.3054
46.891766,8.411161,30661.816,3212.0598
46.890266,8.410961,30511.47,3212.226
46.88825,8.405015,30540.002,3211.6772
46.88462,8.404754,30504.783,3216.4944
46.884003,8.412079,30453.775,3214.1936
46.883423,8.412407,30476.234,3216.7124
46.881218,8.409138,30447.26,3218.388
46.87707,8.409316,30427.873,3217.8687
46.872784,8.413397,30369.344,3220.598
46.870544,8.412886,30430.299,3220.6343
46.867638,8.419526,30285.414,3222.7612
46.869293,8.420498,30307.975,3221.9575
46.86865,8.41137,30379.205,3224.8394
46.864704,8.410899,30181.129,3224.487
46.860413,8.41719,30216.08,3225.5024
46.861053,8.418961,30227.113,3227.107
46.859715,8.413254,30209.121,3227.1333
46.855556,8.413276,30176.865,3228.7026
46.8542,8.420363,30187.965,3230.2117
46.85138,8.41991,30142.705,3230.5056
46.84962,8.41687,30102.865,3232.3816
46.849617,8.416653,30070.045,3232.4448
46.848248,8.420768,30177.111,3233.9316
46.844364,8.419146,30014.328,3234.7917
46.843117,8.417698,30027.338,3235.664
46.84228,8.419637,29993.12,3235.915
46.838387,8.420408,29980.27,3238.2336
46.836338,8.422896,29963.299,3237.0706
46.83459,8.420428,29920.633,3240.1726
46.833206,8.419203,29908.547,3240.3887
46.83041,8.421774,29878.98,3241.564
46.829678,8.422388,29851.342,3242.3928
46.82837,8.423401,29908.373,3243.1445
46.825504,8.421916,29807.715,3244.5918
46.82387,8.423497,29803.576,3245.9172
46.82048,8.423997,29762.115,3246.2861
46.81753,8.425074,29741.025,3247.7126
46.81579,8.424546,29750.48,3248.6406
46.81513,8.424965,29719.895,3249.383
46.813602,8.425395,29691.164,3250.705
46.810852,8.427114,29680.22,3251.4827
46.81021,8.427004,29628.611,3252.3477
46.807594,8.4268675,29607.7,3253.2205
46.8045,8.427238,29581.264,3254.7405
46.803486,8.429029,29605.176,3255.2527
46.80138,8.428136,29530.012,3256.6548
46.799187,8.429057,29479.09,3257.1067
46.798378,8.431162,29561.697,3258.486
46.79514,8.430332,29437.547,3259.7021
46.793415,8.430549,29446.203,3260.323
46.79129,8.430445,29428.646,3261.4646
46.790394,8.431246,29392.516,3262.2424
46.787464,8.432447,29379.432,3263.9858
46.784615,8.432579,29358.316,3264.538
46.78388,8.432598,29318.174,3265.2102
46.78136,8.433324,29335.479,3266.3953
46.779922,8.434749,29273.932,3267.6597
46.77791,8.4345455,29270.35,3268.3691
46.775864,8.434161,29243.129,3269.062
46.773254,8.435619,29199.047,3270.6797
46.772675,8.436116,29208.633,3271.0137
46.770023,8.43684,29125.742,3272.1475
46.768196,8.436252,29135.361,3273.5332
46.765938,8.437995,29094.63,3274.928
46.764484,8.437086,29091.736,3275.3154
46.762188,8.438239,29064.691,3276.3003
46.75932,8.43887,29033.805,3277.674
46.758213,8.43824,29016.781,3277.9656
46.756294,8.44066,28978.904,3279.3198
46.753735,8.439269,28940.02,3280.0254
46.75163,8.442689,28962.193,3281.2861
46.749794,8.442216,28874.707,3282.6323
46.748844,8.440468,28845.14,3283.2722
46.746273,8.442665,28923.424,3283.877
46.7451,8.439937,28805.172,3284.7292
46.742603,8.438087,28830.05,3285.917
46.739296,8.443363,28799.912,3286.707
46.73763,8.446194,28795.83,3289.0552
46.73831,8.442216,28783.512,3288.908
46.734955,8.44129,28728.666,3290.954
46.7313,8.445574,28704.107,3291.3044
46.73216,8.448056,28655.25,3292.4038
46.728485,8.445705,28662.797,3292.9873
46.72657,8.445583,28581.371,3295.0198
46.7251,8.445609,28592.719,3294.9934
46.724083,8.449415,28507.418,3296.1697
46.721375,8.447323,28507.877,3297.6123
46.717957,8.447179,28500.135,3298.5747
46.716373,8.447783,28463.775,3298.6592
46.714718,8.450063,28460.953,3300.299
46.712376,8.449591,28420.51,3301.5654
46.7101,8.450482,28410.232,3302.0593
46.708466,8.451124,28374.406,3302.8872
46.706642,8.450319,28329.727,3304.7356
46.70448,8.451575,28311.969,3305.3193
46.70364,8.452232,28309.543,3304.7405
46.701103,8.452725,28239.273,3307.7095
46.698868,8.451992,28279.766,3308.5605
46.696934,8.45406,28220.209,3309.403
46.69476,8.455948,28202.977,3310.328
46.693844,8.455044,28165.072,3310.989
46.691765,8.454628,28199.527,3312.4197
46.68847,8.455161,28097.607,3313.8474
46.686455,8.456899,28100.709,3314.5378
46.685158,8.456368,28071.932,3315.5935
46.68321,8.456562,28054.557,3316.2786
46.68086,8.4574795,28013.434,3317.605
46.678707,8.45925,28015.215,3318.2568
46.677937,8.46011,27928.285,3319.283
46.675697,8.459398,27947.701,3320.642
46.67299,8.459774,27947.926,3320.9995
46.670967,8.4604225,27895.53,3322.2166
46.669388,8.461045,27864.709,3323.43
46.666767,8.461493,27834.451,3324.38
46.665497,8.461374,27834.121,3325.1113
46.663567,8.463467,27780.969,3326.5315
46.66192,8.461943,27763.86,3326.9727
46.659885,8.462836,27778.332,3328.575
46.657166,8.4634905,27719.283,3328.8074
46.655727,8.463895,27690.502,3330.3374
46.65503,8.465611,27667.416,3331.6033
46.65201,8.464927,27616.084,3332.5776
46.65044,8.466214,27608.395,3332.808
46.64832,8.46637,27538.537,3334.0942
46.646336,8.466482,27540.24,3335.7102
46.64405,8.467615,27534.96,3336.0618
46.6424,8.46816,27509.387,3338.0344
46.640415,8.46879,27477.51,3338.199
46.63941,8.468704,27449.713,3339.8013
46.63667,8.469845,27404.68,3340.5544
46.634754,8.469334,27412.336,3341.6265
46.632458,8.4720335,27357.059,3342.959
46.630905,8.471611,27342.664,3343.2004
46.629177,8.470559,27325.506,3345.073
46.62633,8.471667,27278.906,3345.1282
46.62542,8.472375,27256.965,3346.241
46.623062,8.47475,27224.312,3348.1252
46.621433,8.474666,27201.107,3348.604
46.619133,8.473608,27159.654,3349.7678
46.61624,8.476386,27114.0,3351.146
46.615726,8.47608,27156.953,3350.7383
46.613262,8.474973,27084.451,3352.474
46.611103,8.475783,27077.48,3354.2002
46.608818,8.475973,27029.238,3355.472
46.606663,8.477972,26978.164,3355.5344
46.604774,8.477475,26976.697,3356.602
46.60511,8.479388,26932.025,3357.9648
46.601223,8.476501,26928.336,3357.4695
46.59982,8.477697,26906.031,3360.6746
46.59702,8.479782,26859.97,3359.309
46.59574,8.480522,26874.951,3361.674
46.593327,8.479647,26833.988,3362.101
46.59162,8.479588,26797.66,3363.008
46.588936,8.481983,26768.56,3364.6143
46.587376,8.483091,26755.355,3365.1438
46.58598,8.481998,26680.2,3366.3223
46.584545,8.48344,26680.42,3367.2998
46.582718,8.484586,26627.117,3369.3943
46.580074,8.484835,26623.635,3369.8242
46.578976,8.483436,26608.059,3371.3005
46.575638,8.485463,26569.389,3371.4307
46.57493,8.486096,26541.31,3373.3308
46.573032,8.48578,26500.045,3373.3872
46.569862,8.487644,26479.11,3374.5085
46.56829,8.487355,26452.4,3375.5566
46.56712,8.486049,26409.945,3377.1948
46.565723,8.488867,26365.357,3378.101
46.562992,8.489099,26382.969,3379.0105
46.56076,8.488874,26340.45,3379.9214
46.55895,8.489104,26329.82,3380.492
46.556816,8.489438,26275.639,3381.5415
46.55554,8.48958,26296.969,3382.6062
46.55232,8.491772,26220.914,3383.9507
46.55125,8.490851,26206.203,3384.9602
46.54877,8.491231,26168.887,3386.1077
46.54772,8.491911,26148.873,3386.0947
46.546272,8.492128,26128.988,3387.9404
46.543633,8.492597,26092.697,3389.8613
46.541286,8.491938,26040.936,3390.497
46.539932,8.493823,26017.732,3390.8535
46.537777,8.493952,25986.727,3391.4731
46.53542,8.494631,25938.727,3393.3962
46.533863,8.494204,25931.463,3393.7188
46.531574,8.495085,25894.346,3395.3247
46.529713,8.495696,25900.793,3396.0334
46.528114,8.4951725,25876.031,3397.1826
46.52582,8.495185,25830.96,3398.1296
46.52398,8.497374,25794.67,3399.0344
46.522247,8.497425,25776.516,3399.747
46.520138,8.497104,25737.967,3400.3706
46.519012,8.497624,25707.379,3402.2668
46.516155,8.49881,25658.31,3402.356
46.515034,8.497692,25649.594,3403.5293
46.512318,8.499195,25638.254,3406.0056
46.510677,8.49983,25597.8,3405.2205
46.50945,8.498755,25574.223,3406.7078
46.50734,8.499736,25527.217,3407.6724
46.504604,8.500572,25502.73,3408.8394
46.502983,8.499619,25486.527,3410.0278
46.50138,8.50052,25457.959,3410.5803
46.499355,8.501232,25425.277,3412.29
46.49754,8.503147,25424.566,3412.5903
46.495136,8.502622,25375.062,3414.4207
46.493107,8.503271,25316.65,3414.7424
46.49141,8.502852,25277.764,3415.8042
46.48941,8.502699,25257.47,3417.1606
46.487957,8.503091,25209.225,3418.0789
46.485287,8.505569,25198.973,3418.824
46.48395,8.504109,25184.738,3420.3132
46.482586,8.504756,25165.87,3420.7212
46.47885,8.504422,25136.264,3421.443
46.47793,8.506952,25101.996,3423.966
46.47593,8.507143,25078.094,3423.0598
46.473587,8.506253,25024.236,3425.3477
46.472958,8.506312,25003.521,3426.2366
46.470005,8.506191,24996.617,3426.159
46.46835,8.507006,24928.59,3427.5305
46.466507,8.506581,24918.217,3428.962
46.465225,8.507388,24882.154,3429.867
46.463223,8.506769,24841.246,3431.2976
46.460457,8.507086,24809.945,3431.4502
46.458508,8.507212,24792.32,3433.533
46.456562,8.508169,24764.88,3433.5312
46.45428,8.507453,24744.758,3434.4917
46.452885,8.509442,24709.576,3435.6602
46.45166,8.507724,24669.309,3437.2393
46.44991,8.508689,24639.24,3437.9648
46.447067,8.508711,24620.389,3438.6653
46.445976,8.507601,24591.377,3439.8704
46.44387,8.509742,24532.463,3440.7024
46.441425,8.509928,24512.213,3441.6003
46.440395,8.508989,24499.188,3443.3643
46.43779,8.509165,24474.531,3443.5605
46.435482,8.510076,24417.803,3444.5903
46.43481,8.510313,24384.818,3445.6345
46.432156,8.510441,24368.06,3446.4521
46.430294,8.510449,24342.838,3448.0627
46.428677,8.510873,24294.533,3448.1619
46.42674,8.511416,24269.227,3449.863
46.424717,8.510918,24240.291,3450.1292
46.423004,8.510302,24213.514,3451.5134
46.421097,8.511351,24168.562,3452.77
46.419197,8.510962,24157.814,3453.4663
46.417027,8.511966,24123.98,3455.2415
46.41636,8.511094,24090.055,3455.3147
46.414284,8.51262,24032.607,3455.8062
46.41212,8.512602,24005.576,3457.4602
46.410294,8.512122,23994.385,3458.5823
46.408047,8.512277,23971.3,3458.8088
46.405735,8.512072,23925.127,3460.0767
46.404987,8.512406,23901.693,3461.5247
46.40238,8.512289,23871.137,3462.3962
46.40113,8.513723,23842.566,3463.3503
46.39869,8.512487,23810.326,3464.5112
46.39718,8.51224,23784.152,3464.779
46.394505,8.513092,23755.58,3466.9072
46.392956,8.513644,23730.18,3467.297
46.391758,8.51353,23700.906,3468.2888
46.389404,8.51345,23672.357,3469.208
46.387505,8.514013,23644.611,3470.4255
46.385674,8.513594,23622.816,3471.008
46.383213,8.5136175,23576.006,3472.9126
46.38156,8.513823,23543.756,3473.0564
46.380054,8.514889,23510.236,3474.1433
46.37783,8.51193,23474.426,3475.5852
46.376034,8.513137,23434.193,3475.7666
46.374596,8.514241,23417.375,3477.1753
46.372784,8.5129795,23381.645,3477.454
46.371197,8.514409,23344.234,3479.218
46.36855,8.514202,23351.764,3480.5515
46.368153,8.515401,23280.354,3480.4536
46.365025,8.514725,23257.28,3481.8176
46.363605,8.515109,23224.729,3482.64
46.3624,8.514249,23204.443,3484.3733
46.358673,8.514588,23151.85,3485.0715
46.35745,8.515182,23129.521,3485.9856
46.355232,8.515544,23086.514,3487.3733
46.353973,8.514801,23061.453,3487.9756
46.35194,8.513917,23040.133,3489.0342
46.34968,8.51508,23004.982,3490.3306
46.347546,8.515152,22958.506,3490.2993
46.347603,8.514817,22940.756,3491.841
46.34411,8.514479,22897.236,3492.8823
46.343082,8.514513,22884.021,3493.7815
46.34023,8.515863,22825.053,3495.3784
46.339138,8.516197,22791.924,3495.7368
46.337753,8.515352,22761.18,3496.6057
46.334667,8.515281,22757.596,3498.3853
46.33408,8.513639,22709.328,3499.1487
46.331448,8.515569,22684.945,3498.7822
46.330418,8.514892,22633.092,3500.9177
46.328358,8.514216,22607.64,3501.3936
46.326176,8.514685,22568.068,3502.729
46.324345,8.514793,22538.244,3503.8948
46.323124,8.514376,22516.572,3505.0479
46.320698,8.514881,22486.955,3505.4314
46.318542,8.515352,22464.078,3506.1475
46.31668,8.5156765,22442.438,3507.7673
46.31556,8.515254,22403.416,3507.8882
46.313576,8.514763,22364.13,3510.0422
46.311356,8.514599,22333.672,3510.678
46.309227,8.515384,22326.6,3511.0264
46.307518,8.514707,22285.26,3512.935
46.305893,8.514775,22257.348,3513.84
46.303886,8.5152235,22235.684,3514.7507
46.303223,8.514818,22203.832,3515.3267
46.30018,8.5152235,22187.357,3516.584
46.2985,8.515603,22160.5,3517.158
46.29705,8.514437,22095.354,3518.438
46.294598,8.514928,22079.598,3519.761
46.293446,8.515191,22047.434,3520.3643
46.292305,8.515177,22019.477,3521.9014
46.290455,8.515543,21976.021,3522.093
46.28752,8.515224,21965.422,3523.8289
46.286125,8.514628,21938.04,3524.426
46.283688,8.514922,21898.625,3526.0132
46.282566,8.515485,21870.113,3526.3591
46.28123,8.514713,21835.635,3527.6694
46.278378,8.5149145,21791.602,3527.9607
46.276783,8.515684,21747.137,3529.6594
46.27513,8.515485,21724.484,3530.1453
46.27287,8.515081,21706.404,3531.494
46.27101,8.514747,21704.719,3532.7407
46.26929,8.515149,21680.146,3533.7334
46.268196,8.514993,21640.645,3534.4153
46.265415,8.515427,21632.191,3535.5417
46.263954,8.515353,21616.557,3536.293
46.262184,8.5143175,21582.705,3537.1802
46.26011,8.513468,21544.47,3538.3647
46.258015,8.514435,21520.115,3539.1814
46.25655,8.514739,21482.629,3540.29
46.254463,8.514572,21438.709,3541.1794
46.25294,8.514607,21389.117,3541.43
46.250973,8.514548,21388.723,3543.4846
46.24919,8.514622,21344.37,3543.7463
46.247303,8.515365,21295.863,3544.8948
46.245476,8.515577,21277.92,3545.2192
46.244797,8.515393,21254.145,3547.074
46.241535,8.513962,21247.486,3548.183
46.23919,8.514344,21249.996,3549.0916
46.237755,8.517478,21202.32,3550.5232
46.236446,8.515398,21181.797,3550.5125
46.2339,8.51458,21165.34,3553.145
46.231766,8.513851,21131.275,3553.1963
46.23001,8.515101,21082.531,3553.9705
46.22836,8.5147295,21075.867,3555.1753
46.227173,8.514023,21051.654,3556.1235
46.22525,8.514104,21024.605,3557.0266
46.223904,8.515763,20988.441,3558.2183
46.220566,8.514324,20950.412,3558.7185
46.22005,8.514891,20928.527,3560.4902
46.217945,8.515236,20902.133,3560.786
46.21742,8.514782,20892.182,3561.9507
46.21391,8.5149555,20846.02,3563.2053
46.21228,8.514511,20830.531,3563.22
46.211937,8.515477,20781.664,3564.2627
46.208614,8.514576,20778.53,3564.5334
46.208702,8.513673,20762.64,3566.6743
46.205112,8.515137,20711.125,3567.5447
46.20355,8.5147915,20692.469,3568.8643
46.201523,8.515713,20657.746,3569.3022
46.199226,8.515651,20662.662,3570.007
46.19802,8.515298,20615.025,3571.8901
46.19585,8.515156,20581.121,3573.2285
46.194775,8.515801,20598.492,3573.5942
46.192642,8.515997,20570.35,3575.166
46.190296,8.51663,20531.955,3575.6687
46.189266,8.516099,20500.633,3576.6667
46.18684,8.517162,20479.303,3577.1458
46.185295,8.51582,20468.357,3578.342
46.18351,8.516751,20448.809,3579.4211
46.180614,8.517469,20454.133,3579.7832
46.18011,8.517281,20383.527,3581.6765
46.177994,8.516924,20360.158,3582.4033
46.176437,8.516941,20332.16,3582.9578
46.174343,8.517239,20296.248,3584.1897
46.17274,8.517601,20284.576,3585.9626
46.170784,8.517851,20265.018,3586.357
46.169006,8.517805,20235.795,3586.8752
46.166775,8.517302,20215.684,3587.8857
46.16573,8.518922,20173.783,3589.2458
46.163715,8.518836,20163.266,3589.6982
46.162037,8.517648,20160.615,3591.0
46.15949,8.518472,20130.371,3592.3826
46.15843,8.519248,20110.812,3593.1003
46.156815,8.519221,20071.467,3594.5144
46.154865,8.519045,20035.621,3594.957
46.152893,8.519125,20017.07,3596.1648
46.15088,8.520002,19996.857,3596.45
46.14936,8.519354,19979.268,3597.8545
46.148224,8.521621,19955.523,3599.0093
46.145588,8.520558,19938.094,3600.0015
46.14366,8.520761,19904.629,3600.4001
46.142693,8.521688,19862.447,3601.013
46.1398,8.522387,19840.66,3602.7717
46.137993,8.522263,19834.363,3603.4917
46.136547,8.522413,19809.049,3604.6187
46.13527,8.523315,19762.234,3604.975
46.133377,8.522544,19774.36,3606.7263
46.131065,8.522232,19737.293,3607.3408
46.12959,8.523763,19715.004,3608.9531
46.12755,8.523686,19698.53,3609.4875
46.125988,8.523567,19676.695,3609.8008
46.124626,8.524094,19643.41,3611.5974
46.12274,8.524802,19629.646,3611.3606
46.12007,8.524669,19604.691,3614.6194
46.118824,8.526032,19591.406,3614.6763
46.11634,8.526065,19564.523,3615.8904
46.115253,8.525726,19554.502,3616.7388
46.11317,8.526811,19528.852,3617.2163
46.111332,8.527324,19497.328,3618.9963
46.110016,8.527501,19471.44,3619.5002
46.10768,8.527847,19425.66,3620.6616
46.106243,8.5278015,19420.398,3621.2852
46.104862,8.528895,19373.826,3623.173
46.10299,8.529155,19371.229,3623.1135
46.10136,8.529555,19357.045,3625.1694
46.09902,8.5300665,19323.162,3625.978
46.09781,8.531466,19295.842,3626.7556
46.09676,8.531931,19291.67,3627.3015
46.094315,8.530634,19244.607,3629.0166
46.091988,8.531574,19247.564,3629.3853
46.090363,8.532218,19198.543,3630.847
46.0885,8.532871,19188.203,3631.3162
46.08746,8.533552,19178.559,3632.975
46.084614,8.534723,19175.34,3633.369
46.083233,8.53423,19152.898,3634.4858
46.08188,8.534909,19127.092,3635.5747
46.080273,8.5355215,19112.89,3636.4526
46.078453,8.535624,19073.328,3637.5889
46.075832,8.535945,19063.762,3638.2573
46.074368,8.537388,19050.88,3639.1113
46.072815,8.537029,19024.5,3640.702
46.071846,8.539485,19011.68,3640.8064
46.069572,8.539135,18988.67,3642.9795
46.067177,8.539111,18962.916,3643.246
46.066124,8.539917,18952.984,3644.4927
46.064857,8.540398,18905.484,3645.5042
46.062763,8.542093,18893.99,3645.4846
46.060966,8.540847,18861.713,3648.109
46.05944,8.5423,18849.188,3648.5232
46.05771,8.542421,18825.275,3649.1848
46.05665,8.542959,18822.592,3649.8042
46.053894,8.543376,18792.025,3651.1853
46.052563,8.544021,18774.242,3652.0676
46.050697,8.545361,18743.97,3653.3013
46.049133,8.545629,18716.34,3654.194
46.047237,8.546918,18698.785,3655.5396
46.045715,8.547188,18684.23,3656.473
46.04435,8.547384,18654.543,3657.2124
46.041374,8.547727,18629.736,3657.637
46.040627,8.54973,18614.264,3659.0706
46.03935,8.548434,18592.232,3660.2974
46.037098,8.5501585,18548.805,3661.3945
46.03609,8.550381,18515.762,3662.2485
46.034225,8.551745,18515.424,3664.2683
46.032345,8.5524435,18484.48,3663.688
46.030533,8.553336,18472.1,3664.5662
46.029,8.553403,18466.309,3666.6724
46.02683,8.554445,18435.617,3666.9946
46.025593,8.555007,18414.922,3668.138
46.024017,8.555223,18393.432,3669.3887
46.02205,8.555933,18359.357,3670.4673
46.02119,8.557616,18335.074,3670.7803
46.018826,8.557722,18296.06,3672.397
46.017773,8.55723,18285.67,3673.898
46.014706,8.559936,18243.197,3674.1233
46.014744,8.560286,18232.623,3675.0742
46.013714,8.560657,18186.383,3675.9944
46.011066,8.559467,18170.537,3676.5637
46.00937,8.5613365,18163.998,3678.2998
46.007446,8.562644,18107.637,3679.2532
46.00693,8.564321,18124.69,3680.0518
46.003685,8.563512,18086.205,3681.7253
46.00218,8.564052,18064.107,3682.196
46.000946,8.566692,18033.293,3682.9312
45.999302,8.566542,17997.236,3683.9387
45.99728,8.567973,17976.166,3685.2773
45.9956,8.568118,17954.246,3685.9114
45.994343,8.569756,17952.422,3687.7793
45.993164,8.570282,17919.898,3688.1611
45.99057,8.571019,17901.066,3688.1663
45.98994,8.571403,17877.906,3690.8582
45.987392,8.572245,17852.566,3691.5203
45.985844,8.57349,17837.848,3691.9688
45.98467,8.573773,17788.486,3693.969
45.983036,8.574666,17772.34,3693.3467
45.98106,8.575654,17739.873,3695.1116
45.97955,8.576511,17716.39,3697.1084
45.97801,8.5772505,17685.531,3697.4995
45.97552,8.578645,17663.36,3698.448
45.97569,8.578809,17680.32,3698.882
45.973297,8.579252,17608.96,3700.4126
45.972008,8.579483,17607.285,3701.2664
45.96984,8.581446,17552.125,3703.3188
45.96883,8.583198,17550.744,3703.3687
45.966988,8.583291,17492.152,3704.3125
45.965244,8.584055,17481.754,3705.0566
45.96387,8.584541,17478.316,3706.2964
45.961983,8.5853815,17452.127,3707.7668
45.95967,8.586055,17405.16,3708.8652
45.9592,8.587695,17368.348,3709.4312
45.95757,8.588266,17358.219,3709.9238
45.955242,8.589246,17298.488,3711.6978
45.954044,8.589813,17275.633,3712.2068
45.952663,8.59126,17275.281,3713.3088
45.95126,8.591994,17266.13,3714.4578
45.94882,8.592317,17225.588,3715.8389
45.947826,8.59397,17218.617,3716.4897
45.94623,8.594395,17169.63,3717.528
45.944763,8.595445,17148.502,3718.1995
45.943092,8.596519,17122.424,3719.976
45.941128,8.596842,17105.018,3720.7043
45.939533,8.597602,17068.688,3722.1365
45.938404,8.599448,17033.676,3722.528
45.936546,8.599671,16974.8,3724.0093
45.93591,8.601507,16973.133,3724.5544
45.933952,8.602072,16931.898,3725.3975
45.932045,8.603023,16893.332,3726.9255
45.93062,8.603237,16896.756,3727.3762
45.92901,8.604519,16886.545,3728.7805
45.92718,8.605533,16862.305,3729.8655
45.926014,8.60682,16826.639,3730.9878
45.92409,8.607543,16795.844,3732.1895
45.923706,8.608408,16778.91,3732.8474
45.921772,8.608841,16741.572,3734.3936
45.91998,8.610837,16693.475,3734.819
45.918594,8.610809,16668.3,3736.04
45.916702,8.611479,16654.844,3737.2388
45.915386,8.614093,16627.734,3738.7385
45.913483,8.61411,16609.637,3738.6553
45.911716,8.614881,16580.281,3739.5322
45.911392,8.616894,16558.67,3740.9329
45.909054,8.615034,16540.8,3741.1772
45.908043,8.61744,16515.64,3744.2686
45.907368,8.619192,16479.8,3743.4895
45.905098,8.619791,16459.447,3745.264
45.903805,8.62024,16440.328,3745.9187
45.90288,8.620937,16412.475,3746.8413
45.900803,8.622692,16376.007,3747.6233
45.89946,8.622927,16341.888,3749.556
45.897694,8.624954,16331.729,3749.8848
45.89665,8.625628,16308.708,3750.465
45.894745,8.626399,16255.24,3752.5508
45.89383,8.627616,16255.168,3752.4573
45.891098,8.628926,16213.329,3753.244
45.890472,8.629343,16195.967,3754.4875
45.88912,8.630198,16191.256,3756.0554
45.886654,8.630763,16149.353,3757.059
45.886036,8.633463,16145.457,3759.031
45.884003,8.633668,16108.42,3758.838
45.88349,8.634547,16082.115,3761.2046
45.881878,8.635225,16043.291,3761.0789
45.880573,8.635768,16038.9,3762.5537
45.878582,8.637943,16023.489,3763.2058
45.877964,8.638986,15967.798,3763.8992
45.876415,8.639548,15917.348,3765.241
45.874485,8.64101,15887.447,3765.8728
45.872936,8.64108,15855.2295,3766.9705
45.87264,8.643121,15837.582,3767.384
45.869846,8.643266,15812.306,3769.5063
45.86868,8.644264,15786.915,3769.811
45.867737,8.645137,15768.476,3771.4885
45.8662,8.646292,15765.2,3772.2021
45.86495,8.646981,15741.056,3772.5613
45.862984,8.648557,15717.303,3774.3435
45.862644,8.649323,15681.083,3774.4316
45.861107,8.650208,15653.326,3776.0076
45.859455,8.651611,15645.107,3776.9963
45.858257,8.652222,15619.865,3778.17
45.85609,8.654091,15595.099,3779.161
45.85516,8.654769,15554.021,3779.7397
45.85395,8.655865,15523.991,3780.1338
45.85275,8.657362,15488.811,3782.0356
45.851437,8.658052,15467.853,3782.6443
45.849865,8.6592045,15439.693,3783.729
45.84849,8.660442,15420.139,3784.7847
45.84712,8.661051,15378.882,3786.3274
45.845848,8.662026,15359.58,3786.8665
45.844604,8.663514,15343.546,3788.0862
45.84402,8.664573,15306.656,3788.4895
45.842342,8.665526,15281.017,3790.8076
45.840237,8.66651,15268.714,3790.4119
45.8389,8.667552,15211.9,3791.5166
45.838802,8.668889,15211.755,3792.5808
45.836872,8.669491,15165.29,3794.2817
45.835484,8.670405,15174.2,3794.725
45.83403,8.672155,15152.819,3795.781
45.832615,8.674473,15130.469,3796.8892
45.83248,8.674001,15100.555,3797.406
45.83059,8.675845,15056.046,3798.3735
45.82937,8.6769495,15033.725,3799.469
45.8281,8.6773615,14984.249,3800.207
45.82667,8.677744,14948.051,3801.842
45.82554,8.67991,14917.608,3802.032
45.824196,8.680867,14905.517,3803.0813
45.82305,8.68252,14886.057,3804.0723
45.82196,8.6824875,14824.016,3804.5662
45.820312,8.683937,14804.157,3807.0173
45.818882,8.68551,14793.589,3806.5967
45.817883,8.686315,14740.147,3807.8882
45.817165,8.686826,14735.497,3809.157
45.815033,8.688012,14703.09,3810.137
45.814137,8.689295,14667.719,3811.5059
45.812588,8.690986,14637.081,3812.6057
45.811234,8.69263,14614.363,3813.378
45.81025,8.693355,14599.283,3813.6904
45.808624,8.694459,14553.762,3815.5242
45.808407,8.695384,14531.183,3815.6565
45.80701,8.696666,14496.823,3816.078
45.805473,8.697259,14459.926,3817.351
45.804005,8.699423,14466.833,3819.3267
45.8026,8.6997175,14401.947,3819.975
45.801407,8.700324,14340.97,3820.689
45.800854,8.701911,14324.718,3821.8687
45.798653,8.703027,14331.482,3823.4402
45.797142,8.703823,14306.495,3824.7244
45.796066,8.705267,14258.454,3825.1042
45.79556,8.706498,14229.126,3826.125
45.79368,8.707414,14210.738,3827.608
45.79283,8.708479,14165.017,3828.4011
45.79122,8.709127,14139.937,3828.6438
45.79024,8.710664,14110.712,3829.537
45.788937,8.712524,14068.426,3831.0723
45.787354,8.7133,14049.145,3831.994
45.786274,8.7143,14022.211,3832.8867
45.785072,8.715072,13984.974,3833.5762
45.783966,8.7166605,13968.223,3834.4216
45.782658,8.717939,13908.046,3835.9119
45.781693,8.717335,13864.529,3836.3271
45.780556,8.720632,13883.072,3838.308
45.77924,8.719824,13844.094,3838.7988
45.777794,8.721614,13842.101,3840.157
45.776493,8.722515,13779.789,3840.9377
45.77544,8.723863,13757.556,3841.6987
45.77457,8.725255,13711.785,3843.0334
45.7723,8.726093,13702.63,3844.346
45.77146,8.726953,13664.1875,3844.5938
45.770294,8.728403,13632.561,3845.8447
45.76936,8.728918,13594.669,3847.0742
45.767815,8.72984,13575.837,3847.7441
45.766285,8.730601,13550.99,3849.1628
45.765583,8.732487,13524.376,3850.4043
45.763992,8.733573,13515.465,3851.0168
45.76291,8.733985,13482.961,3851.902
45.76154,8.735632,13456.291,3852.2698
45.760155,8.737236,13423.18,3853.86
45.759243,8.737541,13386.139,3854.2646
45.7578,8.738187,13337.625,3855.4019
45.756737,8.7396345,13314.383,3856.376
45.755264,8.740324,13279.723,3856.5254
45.75488,8.741667,13256.351,3858.6768
45.752884,8.742701,13239.475,3859.3801
45.751755,8.743794,13222.077,3861.0112
45.75078,8.744908,13187.656,3861.783
45.749466,8.745721,13120.093,3862.4546
45.748352,8.74628,13084.74,3863.0195
45.746624,8.746942,13082.9795,3864.6565
45.745518,8.748358,13097.556,3865.4192
45.74435,8.750119,13088.7295,3866.877
45.74299,8.750411,13040.451,3867.5159
45.742146,8.75218,12978.322,3868.2136
45.74045,8.7526045,12947.635,3868.9912
45.739708,8.753931,12907.858,3870.7695
45.73824,8.753723,12871.139,3871.506
45.7365,8.755642,12857.693,3872.6008
45.73541,8.756876,12834.311,3873.3076
45.735012,8.75704,12794.282,3874.6204
45.73362,8.759073,12772.932,3875.7173
45.732365,8.759107,12769.939,3876.2397
45.731255,8.760695,12716.632,3877.5225
45.729507,8.760666,12696.624,3878.3696
45.728115,8.761828,12659.416,3879.8809
45.727165,8.763573,12626.58,3880.6606
45.726086,8.76404,12603.931,3881.1494
45.7247,8.764691,12572.224,3881.8362
45.723717,8.766299,12533.114,3883.4956
45.72236,8.767296,12507.654,3884.429
45.720985,8.767384,12487.246,3885.0383
45.720524,8.7694,12431.143,3886.2854
45.719032,8.769767,12424.459,3886.998
45.717514,8.770362,12408.888,3888.1885
45.71627,8.772539,12375.841,3889.1062
45.71496,8.772628,12368.94,3889.436
45.713955,8.774138,12328.294,3890.9124
45.713078,8.775374,12288.066,3892.4365
45.711685,8.775528,12282.335,3892.6877
45.710014,8.776656,12261.647,3893.8665
45.7094,8.777734,12239.812,3894.542
45.7078,8.778037,12213.364,3895.4534
45.706543,8.779163,12174.169,3896.9204
45.706013,8.780286,12140.781,3897.5774
45.704117,8.781564,12111.004,3899.265
45.703186,8.78211,12067.339,3899.7808
45.70201,8.782661,12048.36,3901.0417
45.700798,8.783919,11997.246,3901.602
45.69966,8.784567,11987.643,3902.8809
45.698715,8.785434,11969.697,3903.5881
45.697002,8.786426,11935.366,3904.3696
45.69593,8.787802,11901.927,3905.166
45.69491,8.788262,11888.176,3907.166
45.693054,8.788995,11855.361,3907.8296
45.69217,8.789905,11817.175,3908.9758
45.691517,8.791312,11783.841,3910.0022
45.690014,8.791058,11794.271,3909.817
45.688847,8.792267,11741.138,3911.2603
45.68766,8.792774,11736.111,3912.282
45.68655,8.793916,11734.733,3913.7458
45.685974,8.796031,11638.611,3914.4436
45.683952,8.795371,11666.088,3915.9033
45.683067,8.796513,11604.154,3916.189
45.68129,8.797029,11608.431,3917.1204
45.68068,8.798742,11545.849,3918.278
45.679195,8.798465,11550.215,3919.8499
45.677887,8.799909,11510.76,3920.506
45.67675,8.800376,11465.857,3921.7808
45.675476,8.801198,11426.814,3922.182
45.674145,8.801455,11432.685,3923.2693
45.673553,8.803245,11367.603,3924.5308
45.67215,8.803916,11382.211,3925.4592
45.671,8.804065,11379.655,3926.2668
45.66995,8.805457,11317.621,3927.602
45.668213,8.805803,11307.14,3928.3137
45.667446,8.8065405,11247.406,3929.2744
45.665974,8.8071575,11225.763,3930.5623
45.665012,8.808671,11176.394,3932.0984
45.66374,8.808711,11167.525,3931.9163
45.66246,8.809817,11156.554,3934.0415
45.661713,8.810756,11091.773,3934.6514
45.660038,8.810919,11131.332,3935.578
45.65925,8.812492,11075.829,3937.0823
45.658176,8.812977,11040.772,3937.5764
45.6567,8.813338,11020.491,3938.389
45.655567,8.814309,10994.796,3939.7427
45.65405,8.8152685,10947.208,3940.0608
45.653084,8.815097,10960.667,3941.693
45.651985,8.816494,10943.766,3943.774
45.650654,8.817444,10919.97,3943.6091
45.649826,8.818466,10847.89,3944.752
45.648315,8.818149,10867.953,3945.0518
45.647266,8.819238,10817.054,3946.1323
45.646202,8.820434,10752.617,3947.8728
45.64471,8.820026,10796.786,3947.8198
45.64334,8.820966,10749.569,3949.567
45.642384,8.821681,10736.379,3950.8564
45.641605,8.823766,10657.378,3951.3667
45.6403,8.823627,10671.159,3952.1604
45.638645,8.823992,10646.063,3953.4294
45.637646,8.825739,10575.484,3954.961
45.63653,8.825353,10581.42,3955.5996
45.63552,8.825747,10576.527,3956.4072
45.634327,8.827562,10483.025,3957.7598
45.63298,8.827459,10482.347,3958.6655
45.632267,8.828027,10440.005,3959.6426
45.630795,8.828885,10447.789,3960.3818
45.629425,8.829596,10375.099,3961.5283
45.62848,8.830589,10395.881,3962.7507
45.62735,8.83074,10356.328,3963.2961
45.62566,8.83109,10357.13,3964.2764
45.625347,8.833325,10261.175,3965.4092
45.62372,8.832056,10344.987,3966.4502
45.622887,8.834399,10222.937,3967.7612
45.62099,8.831547,10396.37,3968.332
45.62146,8.835899,10100.776,3969.0154
45.618706,8.83464,10250.114,3970.2588
45.618404,8.836572,10123.491,3971.4612
45.616947,8.836621,10104.85,3972.5518
45.615913,8.836967,10086.991,3973.3486
45.61494,8.838197,10032.497,3973.8567
45.613678,8.838134,10018.627,3975.179
45.612556,8.838934,10002.927,3976.8052
45.611095,8.839708,9994.45,3977.6387
45.609787,8.8402405,9948.408,3977.688
45.608864,8.841282,9932.945,3979.4355
45.60764,8.841152,9954.163,3980.1516
45.606667,8.843123,9831.3955,3980.94
45.605244,8.842352,9899.148,3982.2644
45.60428,8.842889,9816.256,3983.3184
45.603172,8.843481,9839.84,3984.1665
45.60222,8.844863,9716.13,3984.951
45.600643,8.845329,9766.55,3986.4453
45.599903,8.845606,9709.908,3986.9111
45.598526,8.845822,9698.142,3988.906
45.597427,8.847119,9627.216,3988.8665
45.596336,8.847663,9621.477,3989.3696
45.595215,8.84941,9551.75,3991.0776
45.59391,8.846646,9695.041,3992.5808
45.59306,8.849314,9552.71,3992.8962
45.591225,8.84982,9489.038,3994.157
45.591084,8.851,9494.887,3995.6191
45.589474,8.8501835,9491.337,3995.4773
45.588394,8.850567,9443.987,3998.1091
45.58729,8.8521185,9422.377,3998.0122
45.586033,8.852601,9342.859,4000.5952
45.58535,8.852772,9375.936,4000.326
45.58339,8.853468,9299.066,4001.5942
45.582664,8.853375,9332.824,4002.4897
45.581295,8.854793,9273.556,4003.9438
45.580235,8.855728,9221.613,4003.8157
45.579517,8.856302,9236.937,4004.6807
45.578117,8.855964,9191.799,4006.8398
45.57693,8.857146,9189.159,4007.3162
45.57575,8.858174,9115.62,4007.529
45.574707,8.858013,9145.43,4008.4463
45.574154,8.858557,9099.389,4010.73
45.571987,8.859001,9102.0625,4011.3433
45.570854,8.859572,9039.59,4012.841
45.56988,8.861098,8977.9375,4013.701
45.56821,8.859523,9106.869,4013.959
45.5677,8.861408,8990.333,4015.3145
45.56704,8.862683,8825.784,4016.1704
45.565434,8.861856,8998.576,4016.9753
45.5642,8.862703,8867.671,4017.607
45.563347,8.863179,8871.5205,4019.5906
45.562164,8.863797,8791.349,4020.4775
45.560833,8.864256,8816.324,4021.9387
45.560066,8.865626,8750.525,4022.6392
45.558468,8.864963,8800.811,4023.8574
45.55703,8.8658695,8850.758,4023.7756
45.55694,8.867676,8589.272,4024.5276
45.555107,8.86634,8772.9,4025.9065
45.553833,8.867063,8702.515,4027.3032
45.552605,8.867653,8750.389,4028.0166
45.552483,8.869245,8442.927,4027.949
45.550472,8.8677845,8712.424,4029.2532
45.549595,8.86894,8605.122,4030.8857
45.548916,8.869806,8535.461,4032.0894
45.547146,8.870229,8481.783,4033.2283
45.545963,8.870179,8490.83,4034.3984
45.54532,8.870994,8411.033,4034.94
45.54391,8.870814,8430.558,4036.2861
45.542652,8.871414,8369.416,4036.9685
45.541634,8.871964,8389.499,4038.27
45.540684,8.872471,8360.59,4039.1829
45.539394,8.873182,8387.474,4039.5486
45.53863,8.873732,8247.407,4040.6367
45.536846,8.874175,8312.709,4042.0898
45.536255,8.87483,8245.786,4042.9478
45.535084,8.874411,8303.444,4043.191
45.533997,8.875128,8211.162,4044.358
45.532696,8.875829,8194.661,4046.0198
45.531525,8.875802,8189.727,4046.373
45.530594,8.876144,8151.0195,4047.4114
45.529297,8.876841,8161.3994,4048.0564
45.52845,8.877253,7994.517,4049.116
45.52706,8.877066,8057.4683,4050.3118
45.52584,8.877837,8002.047,4052.1729
45.525116,8.878029,8008.086,4052.217
45.52388,8.878687,7977.3896,4052.5398
45.522736,8.878827,7980.7256,4055.3076
45.52118,8.879136,7899.94,4055.2178
45.520496,8.87887,7940.049,4057.3076
45.519012,8.879968,7821.1025,4057.7717
45.51851,8.879556,7971.302,4058.666
45.51758,8.880399,7780.4917,4059.99
45.516296,8.880859,7798.1035,4058.5256
45.51508,8.881139,7805.0776,4061.6045
45.51378,8.88175,7728.781,4060.6672
45.51304,8.8821945,7738.2188,4063.085
45.511597,8.881772,7720.0527,4063.9944
45.51011,8.882656,7680.2827,4064.9045
45.509533,8.883079,7674.269,4066.0093
45.50825,8.88348,7621.9546,4066.6807
45.50715,8.883509,7643.2144,4067.3215
45.506344,8.883494,7582.5894,4069.1018
45.505177,8.884405,7569.6763,4069.4475
45.50428,8.885049,7477.9663,4070.0989
45.502476,8.884971,7552.7676,4071.3716
45.501972,8.884795,7547.1255,4073.4258
45.500477,8.88523,7612.6484,4074.1934
45.499344,8.88638,7270.0923,4071.722
45.498363,8.886057,7611.801,4075.0732
45.497066,8.886538,7479.1074,4076.3486
45.496193,8.887002,7327.973,4077.5784
45.494743,8.886991,7361.5405,4078.0173
45.49428,8.887157,7316.195,4079.4282
45.493187,8.887962,7275.1465,4080.282
45.491737,8.888569,7298.0337,4081.777
45.490726,8.889059,7212.8916,4081.4807
45.489914,8.888753,7221.0825,4083.5818
45.48875,8.889282,7213.0615,4084.5981
45.487816,8.889696,7176.204,4084.821
45.486404,8.89049,7165.002,4086.2515
45.48507,8.890325,7124.3066,4087.6216
45.484272,8.891203,7123.0796,4088.3809
45.48333,8.891247,7096.428,4088.9915
45.482296,8.891674,7045.818,4090.0198
45.48108,8.892154,7004.4067,4090.4553
45.47986,8.892625,7067.9517,4092.5984
45.478935,8.893173,6992.6294,4092.774
45.47837,8.893424,6908.312,4092.9377
45.47696,8.89407,6996.9766,4094.1958
45.475212,8.893983,6947.8623,4095.508
45.474533,8.894243,6921.606,4096.6504
45.4734,8.8949585,6836.7837,4097.583
45.472626,8.894995,6864.967,4098.4897
45.47144,8.895333,6851.091,4099.61
45.470764,8.896415,6716.0176,4100.5547
45.46915,8.896227,6821.144,4101.8076
45.468307,8.896535,6770.7793,4102.615
45.46739,8.897144,6713.8804,4103.6724
45.46635,8.897643,6659.5815,4104.391
45.4652,8.898185,6684.2075,4105.768
45.4641,8.898168,6688.242,4107.0967
45.463173,8.899272,6588.9062,4107.314
45.461967,8.898482,6574.2905,4108.7065
45.461044,8.8994665,6564.7007,4110.2637
45.459908,8.900258,6519.619,4111.2964
45.458683,8.9003525,6556.0117,4111.7603
45.457787,8.900468,6500.243,4111.9224
45.457134,8.901137,6470.927,4113.936
45.45559,8.901609,6500.889,4114.2344
45.45451,8.901561,6496.975,4117.613
45.453438,8.902987,6448.512,4116.3574
45.452602,8.902754,6522.099,4118.1963
45.451294,8.902819,6331.495,4118.2476
45.45038,8.903529,6366.813,4119.23
45.449276,8.903989,6401.1367,4123.4854
45.44815,8.903989,6420.171,4123.2114
45.44723,8.90592,6232.064,4124.4946
45.44622,8.905978,6324.9316,4122.0205
45.445072,8.905328,6290.169,4126.1494
45.444218,8.906055,6185.173,4125.1143
45.44258,8.906506,6283.2554,4126.128
45.442062,8.907025,6197.602,4129.4194
45.44115,8.907552,6193.6978,4129.1245
45.439816,8.907911,6151.673,4130.894
45.439087,8.90802,6201.041,4130.012
45.437904,8.908253,6181.3413,4133.896
45.436813,8.909002,6111.6313,4130.926
45.436085,8.909707,6178.486,4135.2446
45.434807,8.909502,6021.827,4133.645
45.43395,8.9099245,6104.209,4136.884
45.432888,8.910169,6056.147,4138.1772
45.431858,8.910498,6026.8726,4138.564
45.4308,8.911213,6001.454,4138.9043
45.429817,8.911269,5953.2007,4140.811
45.42882,8.911838,5993.192,4141.9766
45.42752,8.911985,5977.9336,4142.9253
45.426495,8.912104,5924.8765,4143.8325
45.425457,8.912366,6013.417,4145.3706
45.424477,8.913174,5823.355,4145.061
45.423576,8.913104,5876.26,4146.707
45.422615,8.913335,5839.155,4147.853
45.421303,8.914068,5820.913,4149.5835
45.420174,8.91401,5817.245,4148.9956
45.419586,8.913931,5815.886,4150.9927
45.41844,8.914291,5778.7856,4151.838
45.416843,8.914254,5788.3975,4152.5664
45.415974,8.914845,5746.4756,4154.2676
45.415462,8.915262,5761.7764,4155.661
45.414112,8.9149885,5737.856,4155.755
45.41323,8.915189,5732.6396,4157.326
45.41241,8.915182,5716.166,4158.8164
45.411156,8.915486,5650.7827,4159.076
45.410282,8.91539,5669.4062,4160.1963
45.409218,8.915713,5619.391,4160.8335
45.408165,8.915356,5654.4116,4161.9844
45.407207,8.915448,5625.7896,4163.996
45.406124,8.915781,5595.168,4164.6646
45.405342,8.915833,5596.4204,4165.3623
45.40424,8.915849,5583.255,4166.6943
45.403355,8.915671,5592.07,4168.086
45.402092,8.915873,5596.4424,4169.0815
45.401676,8.91579,5546.9976,4169.713
45.400604,8.915528,5511.147,4170.3984
45.39932,8.91556,5543.9204,4172.2324
45.39865,8.915645,5490.736,4172.804
45.39782,8.91569,5503.725,4174.054
45.396458,8.91502,5490.0737,4174.977
45.39581,8.914566,5470.3687,4175.7544
45.394745,8.914804,5420.538,4177.9697
45.39396,8.91475,5425.166,4177.698
45.393185,8.91464,5403.4785,4178.3
45.392166,8.914227,5391.603,4179.3506
45.391273,8.913956,5414.4204,4181.599
45.39002,8.9137,5369.0327,4181.9414
45.389336,8.913195,5362.597,4183.1406
45.38852,8.913378,5370.5874,4184.7095
45.387978,8.912751,5312.8906,4184.8115
45.386497,8.9127,5309.2607,4186.5483
45.386173,8.912135,5304.8975,4187.26
45.38517,8.911559,5281.9062,4188.024
45.3844,8.911671,5331.1196,4191.1333
45.38371,8.911361,5297.991,4190.285
45.38283,8.910433,5266.1924,4190.372
45.382545,8.909504,5276.444,4192.0244
45.380978,8.909589,5201.0156,4193.2886
45.38051,8.908412,5210.418,4194.7417
45.37996,8.90852,5222.3154,4195.754
45.379303,8.907839,5148.9824,4196.0396
45.378487,8.906997,5176.3765,4197.2427
45.378246,8.906099,5126.5776,4198.403
45.37705,8.905776,5145.2476,4199.8193
45.376656,8.905374,5131.8706,4201.151
45.37604,8.904699,5134.127,4200.5835
45.375145,8.903519,5076.547,4201.572
45.37474,8.903054,5104.401,4204.6587
45.373962,8.901995,5094.2515,4204.5366
45.37334,8.901604,5050.1357,4205.8765
45.37284,8.900776,5043.7974,4205.8696
45.37253,8.89981,5026.717,4207.6055
45.371803,8.898909,5056.27,4209.333
45.371147,8.898122,5039.0884,4208.54
45.37081,8.897211,4992.833,4210.0303
45.370453,8.896393,4962.391,4211.15
45.369907,8.895833,4951.3677,4212.373
45.369404,8.894662,4939.0825,4213.118
45.368916,8.893744,4918.0176,4214.7593
45.368576,8.892834,4879.843,4215.6523
45.367924,8.89192,4870.832,4216.475
45.36778,8.890739,4866.7856,4217.535
45.367382,8.889796,4864.5444,4218.6675
45.366936,8.888665,4832.0415,4219.041
45.366806,8.888007,4837.6816,4220.4243
45.3665,8.886708,4834.518,4220.8003
45.365967,8.885734,4810.964,4222.199
45.365932,8.884673,4801.4653,4223.866
45.365448,8.883616,4773.0874,4224.764
45.365562,8.88234,4771.9937,4225.4985
45.365044,8.881316,4766.602,4226.215
45.365032,8.880208,4758.71,4227.38
45.364723,8.879208,4751.8506,4227.7754
45.36479,8.877968,4728.636,4229.213
45.364563,8.8769455,4710.878,4230.079
45.36454,8.8757715,4707.246,4230.752
45.364346,8.874548,4704.0117,4232.29
45.364037,8.873519,4694.502,4233.0825
45.364174,8.872246,4673.5767,4233.935
45.363873,8.871202,4637.314,4235.052
45.364243,8.870219,4626.585,4236.1973
45.364117,8.86895,4628.7446,4237.095
45.36406,8.867822,4627.8525,4237.6753
45.363983,8.866699,4613.9194,4239.2676
45.364002,8.865501,4608.467,4238.8916
45.364212,8.864372,4600.9673,4241.04
45.36431,8.863232,4578.311,4241.352
45.36431,8.862332,4533.5537,4242.9756
45.36449,8.86087,4555.6865,4243.9277
45.364502,8.859719,4556.3306,4244.296
45.364735,8.858725,4555.7153,4246.5107
45.364796,8.8576145,4538.9873,4246.911
45.365025,8.8560705,4527.0957,4248.39
45.365067,8.855088,4548.3896,4248.4565
45.365276,8.854179,4592.0034,4249.134
45.365833,8.85275,4528.9634,4251.236
45.365818,8.8517885,4511.18,4250.9434
45.366085,8.850793,4499.4243,4253.128
45.366417,8.849619,4485.4214,4253.5063
45.36662,8.848401,4492.7866,4254.1475
45.36718,8.847384,4477.3105,4255.8228
45.367386,8.846417,4472.2983,4257.101
45.36795,8.844922,4433.4473,4257.6616
45.368076,8.8440695,4418.3975,4259.1313
45.36845,8.842976,4402.485,4259.407
45.369,8.841892,4397.8774,4260.2925
45.369225,8.840718,4393.3315,4260.263
45.36951,8.839553,4394.0894,4262.824
45.369797,8.838796,4390.948,4262.377
45.370274,8.837911,4412.104,4264.2524
45.370872,8.836578,4422.9653,4264.892
45.371204,8.835792,4416.7256,4265.873
45.3715,8.834658,4424.4663,4268.175
45.371975,8.83363,4413.2495,4267.186
45.372463,8.832758,4393.0537,4268.9414
45.373016,8.831914,4374.2607,4269.862
45.37367,8.830771,4385.547,4270.6973
45.373966,8.829782,4371.1646,4271.5444
45.37451,8.828843,4370.2666,4273.658
45.374954,8.827853,4357.3457,4273.836
45.375698,8.826997,4348.31,4275.1333
45.376186,8.826173,4367.122,4277.3267
45.376617,8.825225,4367.3887,4276.574
45.377346,8.82411,4355.7627,4277.828
45.377937,8.823262,4330.839,4279.9204
45.378403,8.822279,4310.931,4280.3306
45.3791,8.821453,4308.2246,4282.298
45.3799,8.820622,4322.565,4282.475
45.380375,8.819507,4313.626,4283.9414
45.381134,8.818769,4325.6226,4284.03
45.381744,8.81794,4282.228,4285.051
45.38246,8.816929,4276.5854,4286.5083
45.382996,8.816171,4276.442,4286.5605
45.383476,8.815272,4230.026,4288.2407
45.38441,8.814585,4220.4062,4290.0015
45.38491,8.813699,4231.815,4289.8
45.385765,8.812868,4219.421,4290.842
45.38651,8.812076,4218.2544,4292.2754
45.387085,8.8111925,4236.2,4292.954
45.387928,8.810451,4236.228,4294.705
45.388363,8.809855,4245.0513,4295.7837
45.389324,8.809199,4227.215,4296.2495
45.389942,8.80839,4225.749,4296.817
45.390446,8.807522,4221.155,4298.3784
45.391464,8.806798,4204.776,4299.1294
45.392094,8.806111,4192.5977,4300.5996
45.39296,8.805293,4145.253,4301.168
45.393715,8.804864,4168.6055,4301.9614
45.394287,8.80409,4144.0083,4303.6646
45.39511,8.803395,4163.549,4303.3906
45.395866,8.802781,4156.6865,4305.218
45.39675,8.802144,4160.4697,4305.712
45.397648,8.801551,4153.806,4307.329
45.398476,8.800882,4149.0205,4307.5127
45.399097,8.800211,4179.3594,4308.9385
45.39986,8.799725,4172.2456,4310.445
45.40079,8.799092,4146.6855,4310.5586
45.401497,8.798552,4117.2046,4311.6616
45.40222,8.797914,4098.1973,4312.9795
45.40312,8.797263,4093.843,4313.4663
45.403774,8.796933,4093.8462,4314.7515
45.404633,8.796211,4091.9722,4316.556
45.405533,8.795795,4088.7075,4316.9604
45.40631,8.795226,4086.5332,4317.3936
45.407204,8.794681,4083.4937,4318.742
45.407986,8.79407,4085.6077,4319.447
45.408764,8.793616,4081.1455,4320.6724
45.409832,8.793179,4078.1274,4321.506
45.410625,8.792685,4021.4827,4322.838
45.41144,8.792211,4015.9978,4323.6787
45.41224,8.791703,3992.2842,4324.414
45.413162,8.791252,3978.551,4325.4727
45.414005,8.790828,3965.7634,4325.923
45.414852,8.790507,3984.2378,4327.7373
45.415714,8.789964,3980.841,4328.05
45.41659,8.78953,3997.693,4329.5234
45.417496,8.789113,4010.1191,4330.931
45.418316,8.788789,4017.2214,4331.5044
45.419304,8.788471,3990.7383,4332.815
45.42027,8.788048,3974.9902,4333.3726
45.42103,8.787721,3979.5645,4334.396
45.421764,8.787295,3953.2456,4335.487
45.422832,8.786942,3949.6536,4336.154
45.423622,8.786648,3960.3025,4336.687
45.42437,8.786313,3942.1094,4337.529
45.425488,8.786012,3950.7966,4339.01
45.426403,8.785582,3922.7063,4340.0796
45.427025,8.785313,3940.0115,4341.4126
45.427956,8.785037,3948.5718,4342.051
45.428917,8.784667,3923.4634,4343.2993
45.429855,8.784321,3936.9182,4344.0903
45.43058,8.783998,3935.6128,4345.317
45.43147,8.783682,3925.228,4346.8345
45.432377,8.783439,3888.5586,4347.7754
45.43331,8.783101,3893.6711,4349.128
45.434162,8.782825,3897.934,4349.6885
45.43503,8.782555,3863.6252,4350.9683
45.436066,8.782234,3868.7346,4351.73
45.436787,8.781964,3858.0408,4353.6685
45.437695,8.781627,3837.4727,4354.0024
45.438602,8.781246,3829.6023,4355.456
45.439472,8.781115,3836.1216,4356.629
45.440304,8.78079,3836.5635,4357.124
45.441223,8.780561,3840.425,4358.349
45.442127,8.780287,3832.746,4358.8047
45.442753,8.779943,3825.1172,4359.1147
45.443607,8.77981,3796.1167,4360.586
45.444637,8.779472,3757.4204,4362.1357
45.4455,8.779173,3751.1362,4362.602
45.446396,8.778791,3725.7522,4364.1216
45.44749,8.778598,3686.3638,4365.579
45.448353,8.778353,3678.3042,4365.8584
45.449013,8.777923,3670.8254,4367.0117
45.44997,8.777748,3663.204,4367.2285
45.450752,8.7774725,3642.2373,4369.9287
45.45159,8.777188,3647.263,4370.9473
45.452496,8.776926,3648.2256,4371.168
45.453594,8.77668,3644.3525,4371.5283
45.454323,8.776381,3654.8943,4373.62
45.45525,8.776062,3654.2874,4374.5435
45.45594,8.776,3651.172,4374.7383
45.45689,8.775621,3627.6902,4376.7334
45.45797,8.775312,3602.2234,4377.0923
45.458637,8.775075,3597.5557,4378.0474
45.459366,8.774857,3548.4912,4379.1147
45.460445,8.7746525,3555.144,4380.5483
45.461178,8.77435,3547.6003,4380.95
45.46218,8.774157,3518.4507,4381.6357
45.463028,8.773831,3508.6575,4382.4194
45.463913,8.773499,3473.431,4384.477
45.464657,8.773201,3472.284,4385.002
45.465622,8.7730255,3490.717,4385.8765
45.466457,8.772703,3479.0686,4387.207
45.467426,8.772506,3496.246,4388.4307
45.46817,8.772254,3490.7986,4390.0264
45.46895,8.77205,3505.4658,4390.5684
45.469986,8.771686,3472.609,4391.5
45.470634,8.771343,3473.5464,4392.7124
45.471684,8.77125,3437.7175,4393.959
45.472683,8.770877,3376.5815,4393.688
45.473614,8.770674,3366.151,4395.4917
45.47415,8.770395,3330.2239,4396.704
45.475105,8.770163,3315.1614,4397.859
45.476032,8.770046,3279.114,4399.3643
45.476906,8.769607,3273.8745,4400.538
45.477875,8.769408,3243.8872,4401.7676
45.478676,8.769186,3217.789,4401.6953
45.4797,8.768867,3189.0947,4402.947
45.480408,8.768905,3163.2441,4404.0845
45.481308,8.7685995,3166.2637,4405.33
45.48213,8.768147,3159.2502,4406.3936
45.482975,8.76792,3154.302,4407.817
45.483734,8.7676935,3149.846,4408.607
45.48456,8.767547,3131.7327,4409.3574
45.48555,8.767207,3096.5085,4411.206
45.486244,8.767019,3080.1484,4411.859
45.487053,8.766762,3086.0723,4412.082
45.488102,8.766546,3078.785,4413.175
45.488953,8.766305,3071.1592,4414.3774
45.489864,8.765987,3076.3232,4415.5464
45.490627,8.766015,3044.648,4415.787
45.491837,8.765757,3051.5679,4417.978
45.492817,8.765229,3023.313,4418.5493
45.49362,8.764988,3024.3877,4419.1504
45.49436,8.764881,3045.3506,4420.774
45.495026,8.764717,3040.971,4421.456
45.495663,8.764626,3057.7512,4422.836
45.496178,8.764391,3041.5676,4422.9956
45.49711,8.764233,2994.2256,4423.771
45.497974,8.764002,2960.5708,4424.3247
45.498848,8.7638,2932.755,4426.417
45.499615,8.763588,2912.6328,4426.614
45.500465,8.763327,2900.8093,4429.195
45.501297,8.763013,2887.3599,4429.6265
45.502277,8.762821,2857.6008,4431.1484
45.50294,8.762556,2832.7285,4431.826
45.503815,8.762325,2822.8738,4432.9717
45.50454,8.762086,2785.0042,4434.3984
45.505367,8.761899,2764.2754,4435.6157
45.506172,8.761655,2752.7876,4436.21
45.506973,8.761419,2751.7021,4437.6226
45.507828,8.761097,2756.5964,4437.98
45.508774,8.760867,2721.822,4439.385
45.50964,8.760663,2694.6277,4439.8574
45.510475,8.760418,2650.3315,4441.1763
45.511215,8.760115,2611.6553,4442.105
45.51188,8.759983,2615.921,4442.9746
45.512802,8.759658,2593.1626,4444.858
45.51354,8.759569,2578.1604,4444.4214
45.51447,8.759172,2592.273,4446.8315
45.51527,8.758997,2594.568,4447.3745
45.51601,8.758742,2607.4783,4447.229
45.51696,8.758542,2590.2275,4450.3623
45.51752,8.758286,2579.7515,4449.8467
45.51839,8.75804,2615.1438,4451.921
45.519123,8.757813,2565.3745,4452.2944
45.519913,8.757581,2571.2427,4454.019
45.520664,8.757339,2553.759,4454.1943
45.521557,8.757143,2536.0076,4455.782
45.522114,8.757283,2533.5754,4457.0474
45.523014,8.756498,2491.7627,4455.924
45.52378,8.756346,2451.1458,4460.273
45.524452,8.756162,2409.575,4459.3794
45.525482,8.755998,2391.8745,4460.177
45.52631,8.755788,2377.8853,4462.027
45.527058,8.755564,2369.8164,4462.3643
45.527863,8.755207,2341.8276,4463.1655
45.528465,8.7550745,2314.6008,4464.835
45.529686,8.754753,2283.5085,4465.68
45.530293,8.754619,2266.174,4466.779
45.530876,8.754422,2262.2983,4466.9565
45.53151,8.754252,2258.4036,4468.173
45.532368,8.753966,2255.0427,4469.123
45.532955,8.7538595,2221.421,4468.5137
45.533844,8.753557,2187.8157,4470.035
45.534546,8.75328,2171.5752,4471.5845
45.53534,8.753092,2164.3298,4473.1577
45.53607,8.7529745,2136.5708,4473.4395
45.53675,8.752816,2109.1072,4474.4966
45.537594,8.752492,2063.5752,4475.414
45.538406,8.752272,2029.3015,4475.984
45.53908,8.752024,1997.8835,4477.4126
45.54003,8.751803,1976.1387,4477.7827
45.540653,8.751691,1964.3901,4478.9453
45.541283,8.751396,1960.5035,4479.8594
45.541958,8.751223,1971.049,4482.1333
45.542683,8.751027,1978.25,4482.3877
45.543537,8.750661,1987.2969,4483.3657
45.54416,8.750302,1964.5204,4484.7114
45.54508,8.750487,1951.6112,4485.7217
45.54567,8.750082,1933.3341,4487.147
45.546173,8.749828,1938.1083,4488.514
45.546944,8.7496395,1968.345,4488.795
45.547707,8.749367,2004.6053,4489.8975
45.548634,8.749167,2018.5184,4490.8867
45.549297,8.748914,2053.3372,4490.7734
45.550117,8.748633,2033.3336,4492.197
45.55098,8.7485485,1980.5392,4493.2734
45.55181,8.747972,1907.1268,4494.128
45.5522,8.748501,1831.9276,4494.4546
45.552704,8.748507,1795.598,4495.4326
45.553875,8.747409,1728.8279,4496.955
45.55437,8.7475195,1675.6171,4497.4556
45.55486,8.747449,1661.8593,4498.1816
45.55553,8.747233,1661.3433,4499.5684
45.55629,8.747017,1670.9275,4501.6777
45.557007,8.746666,1693.3076,4501.2524
45.5576,8.747047,1712.9324,4503.0884
45.55768,8.746956,1714.0693,4503.381
45.55934,8.746027,1732.559,4504.668
45.559444,8.746017,1746.0835,4506.0693
45.560543,8.745905,1742.8948,4507.815
45.5612,8.7458,1778.5272,4509.179
45.561836,8.745712,1771.4791,4509.825
45.562496,8.745216,1744.8556,4510.4917
45.56312,8.745176,1798.65,4510.2495
45.563843,8.745111,1848.5848,4511.92
45.564426,8.745242,1799.773,4512.17
45.56535,8.744374,1753.5282,4513.3115
45.56577,8.744475,1744.5442,4513.836
45.56636,8.74434,1710.2695,4515.0137
45.56696,8.74415,1708.8925,4516.2705
45.567814,8.74394,1672.0708,4516.905
45.568485,8.743736,1641.3408,4517.555
45.56921,8.743576,1611.235,4519.1406
45.56975,8.743421,1606.714,4520.3374
45.57059,8.743135,1565.0352,4521.6626
45.57159,8.74267,1493.7605,4522.409
45.571777,8.743269,1482.1918,4523.7954
45.57257,8.743123,1484.1934,4524.727
45.57343,8.742054,1445.3951,4525.625
45.574017,8.742128,1508.0157,4526.2153
45.57456,8.742023,1460.7855,4527.3794
45.575314,8.741809,1466.95,4528.202
45.575855,8.741621,1464.8789,4529.265
45.57653,8.741039,1414.1726,4530.589
45.577374,8.741892,1407.734,4532.071
45.577896,8.741149,1350.1764,4533.144
45.578827,8.7408085,1384.5747,4533.5127
45.5795,8.7406645,1385.695,4534.445
45.580177,8.740429,1478.1757,4535.9565
45.580807,8.740249,1334.8699,4536.902
45.581535,8.740021,1297.4353,4537.2295
45.58242,8.739823,1291.5334,4538.238
45.582962,8.739666,1299.6035,4539.367
45.583622,8.739484,1311.4142,4540.279
45.584362,8.739357,1305.2023,4541.2847
45.584885,8.739154,1295.6906,4542.8115
45.585873,8.738864,1279.207,4544.232
45.58653,8.738742,1221.6759,4545.0884
45.58698,8.739054,1207.7067,4547.1987
45.587654,8.738321,1177.9192,4547.712
45.58826,8.738243,1256.8229,4547.664
45.58882,8.738263,1275.8262,4549.98
45.58942,8.738675,1337.1322,4550.4614
45.58973,8.737501,1304.6866,4550.5894
45.590374,8.737701,1269.318,4551.5522
45.591026,8.737627,1269.2189,4553.069
45.59173,8.737379,1284.8292,4553.1167
45.59243,8.73722,1230.0062,4556.1216
45.593086,8.737038,1195.9111,4556.728
45.593685,8.73703,1171.3076,4557.7217
45.594345,8.73745,1186.0419,4557.621
45.5948,8.735994,1095.4642,4559.1772
45.59534,8.736235,1079.9929,4559.262
45.59607,8.736147,1042.0176,4559.65
45.59675,8.736009,966.0059,4560.7246
45.597527,8.735765,936.90393,4562.5205
45.597927,8.735639,951.8051,4563.1113
45.598614,8.735435,958.3275,4563.2676
45.599297,8.735301,983.90424,4565.1895
45.600132,8.735066,1020.7992,4565.765
45.600468,8.734936,987.88763,4566.4673
45.60124,8.734733,917.35364,4568.974
45.60187,8.73457,866.1486,4568.805
45.602703,8.734336,794.7862,4569.471
45.603268,8.734202,774.5743,4569.985
45.60396,8.734024,784.3525,4570.1055
45.604385,8.73384,756.6775,4571.828
45.604885,8.733688,773.305,4572.12
45.605568,8.73339,732.1332,4573.031
45.606167,8.732943,669.0276,4572.9204
45.606674,8.73367,623.1213,4573.794
45.60727,8.733142,573.4801,4574.598
45.608044,8.732898,560.35876,4576.44
45.60859,8.732694,539.56506,4578.2466
45.609024,8.732584,536.6121,4579.293
45.609734,8.732393,513.58405,4580.2324
45.610386,8.732202,529.3773,4580.679
45.610966,8.732091,554.0745,4580.926
45.611645,8.732043,600.46985,4582.602
45.612083,8.731579,623.65656,4583.2056
45.613007,8.731416,638.63574,4584.638
45.61357,8.731298,621.61475,4585.33
45.61418,8.731183,583.6578,4586.5527
45.61491,8.730889,558.00775,4587.529
45.615376,8.730786,557.4349,4587.818
45.615997,8.730593,526.6413,4589.001
45.6165,8.73042,487.79767,4591.124
45.617043,8.730263,490.60315,4591.4683
45.617474,8.73024,510.7392,4592.1367
45.617935,8.73008,514.782,4593.388
45.61853,8.729941,531.1603,4594.1577
45.619045,8.729779,507.74512,4594.9897
45.619503,8.7296715,467.915,4596.6875
45.6199,8.729565,459.6171,4598.573
45.62006,8.729416,486.0678,4598.8506
45.62083,8.729317,476.79977,4599.35
45.621334,8.729139,451.47247,4600.4365
45.621895,8.728971,414.17532,4601.1655
45.622456,8.728801,432.2239,4602.186
45.622967,8.728651,496.50067,4603.252
45.623116,8.728566,519.59143,4604.2725
