,lat,lon,alt,time
0,60.27083,9.418132,18538.666,0.0
1,60.29617,9.404125,18821.523,1.2303914
2,60.29336,9.405265,18761.027,2.8049119
3,60.28947,9.410613,18754.809,4.1241465
4,60.292046,9.41798,18752.037,5.4419885
5,60.290897,9.41628,18704.896,6.939144
6,60.288853,9.417249,18657.135,8.230993
7,60.28808,9.42255,18642.834,9.5662155
8,60.286552,9.4292965,18643.33,11.104846
9,60.285038,9.430547,18563.812,12.313918
10,60.28512,9.436982,18560.055,13.927851
11,60.280884,9.4414215,18499.14,15.3357725
12,60.28402,9.442929,18488.377,16.606283
13,60.27918,9.448315,18447.049,17.947195
14,60.278866,9.452334,18436.213,19.38272
15,60.277847,9.453445,18393.14,20.670887
16,60.278584,9.453931,18365.219,22.231812
17,60.27827,9.461225,18359.822,23.556973
18,60.27637,9.4618635,18314.264,24.979828
19,60.27823,9.470631,18280.473,26.185522
20,60.271618,9.47319,18240.244,27.52948
21,60.27406,9.480721,18238.73,29.017063
22,60.271885,9.486141,18185.986,30.400457
23,60.270584,9.487566,18187.514,31.697784
24,60.271446,9.485556,18110.543,33.410645
25,60.26856,9.495377,18130.486,34.91496
26,60.26895,9.501482,18067.95,35.986324
27,60.264706,9.50278,18094.643,37.042942
28,60.265068,9.506967,17999.508,39.19461
29,60.264748,9.513729,18014.777,40.40201
30,60.261864,9.512974,17947.889,41.212727
31,60.26291,9.5178585,17980.547,42.84514
32,60.260975,9.518173,17883.824,44.352386
33,60.262566,9.521898,17940.393,45.92784
34,60.259014,9.526904,17907.275,47.12546
35,60.258442,9.535709,17848.016,48.309883
36,60.25666,9.534409,17866.877,50.244785
37,60.25926,9.539708,17816.79,51.12925
38,60.253067,9.540887,17782.523,52.387035
39,60.251114,9.543038,17749.049,54.326504
40,60.24683,9.546001,17729.174,55.793354
41,60.250977,9.550708,17675.959,56.9079
42,60.248318,9.559653,17685.79,58.68507
43,60.250435,9.562072,17632.898,60.270798
44,60.24571,9.567659,17631.605,61.69261
45,60.246227,9.570709,17561.914,62.554348
46,60.241726,9.570771,17547.033,63.901295
47,60.242027,9.578002,17489.738,66.02262
48,60.240948,9.58429,17488.773,67.12191
49,60.239098,9.584248,17431.904,68.4675
50,60.23721,9.589876,17424.672,69.32303
51,60.237587,9.590574,17367.959,71.53411
52,60.232533,9.595031,17387.322,72.57309
53,60.235016,9.594796,17334.92,74.01337
54,60.23415,9.602511,17279.242,76.04372
55,60.232586,9.60621,17233.54,77.221054
56,60.23184,9.618533,17200.584,78.6046
57,60.228504,9.622184,17137.857,79.52085
58,60.226295,9.62427,17056.938,80.929405
59,60.226734,9.624113,17078.992,82.89789
60,60.223793,9.626815,17055.438,83.9164
61,60.22288,9.62858,17011.516,85.84184
62,60.221897,9.641909,16969.195,87.35243
63,60.22385,9.644815,16894.258,88.360435
64,60.22313,9.655472,16888.133,89.97539
65,60.218422,9.664247,16787.406,91.091324
66,60.216595,9.658833,16721.938,92.31691
67,60.21502,9.664943,16741.393,93.802376
68,60.217632,9.665357,16671.627,94.92623
69,60.21351,9.664832,16617.002,97.812744
70,60.216377,9.67512,16600.01,98.70285
71,60.211884,9.680777,16497.879,99.646416
72,60.214188,9.688147,16462.31,100.08441
73,60.210285,9.691909,16419.85,101.926414
74,60.207207,9.696647,16286.301,105.08477
75,60.206326,9.693983,16290.611,104.11672
76,60.211254,9.698979,16231.825,104.80378
77,60.203247,9.701036,16185.643,108.2241
78,60.20766,9.710991,16181.086,110.03876
79,60.20474,9.712972,16054.539,109.66287
80,60.20674,9.717513,16077.344,110.13421
81,60.205486,9.723981,16027.983,112.00842
82,60.20293,9.728138,15973.272,117.77837
83,60.203148,9.730955,15903.108,115.82539
84,60.206562,9.7352,15797.607,117.639046
85,60.197697,9.735858,15755.382,118.66363
86,60.203777,9.746856,15717.662,120.05901
87,60.201157,9.746145,15653.511,120.275604
88,60.202614,9.750799,15620.462,123.56934
89,60.203316,9.752704,15572.828,123.91472
90,60.20415,9.758362,15518.857,126.05046
91,60.20244,9.770845,15444.887,126.684006
92,60.20058,9.769181,15341.661,129.79051
93,60.20319,9.773459,15355.193,130.80704
94,60.199726,9.777502,15254.772,128.88548
95,60.20111,9.787479,15239.29,132.61414
96,60.2023,9.782644,15231.517,135.20692
97,60.207108,9.784767,15145.438,137.10298
98,60.20366,9.791896,15112.914,134.47107
99,60.204403,9.804308,15084.16,138.11513
100,60.198925,9.802348,14986.915,140.4325
101,60.205997,9.809637,14967.993,141.42554
102,60.20131,9.807881,14870.679,141.23906
103,60.203026,9.822017,14865.608,144.35158
104,60.20243,9.813518,14808.318,146.97008
105,60.20373,9.8237705,14732.5,146.95009
106,60.200558,9.825758,14726.624,147.33461
107,60.204605,9.832129,14704.603,147.89615
108,60.201546,9.830284,14659.6875,152.26103
109,60.20203,9.841431,14609.844,151.13727
110,60.201492,9.83553,14588.734,155.14214
111,60.19927,9.84149,14549.226,156.46211
112,60.19958,9.847641,14457.717,155.5788
113,60.199207,9.847958,14450.852,158.54456
114,60.198765,9.858284,14423.13,162.17422
115,60.198727,9.853001,14359.747,160.28848
116,60.201183,9.861959,14355.927,161.15785
117,60.196568,9.867561,14291.126,161.81955
118,60.19983,9.872655,14252.066,166.98097
119,60.197163,9.866951,14232.314,166.67122
120,60.194923,9.879682,14162.267,166.70692
121,60.196213,9.880605,14164.932,167.96658
122,60.195324,9.887729,14113.414,171.62361
123,60.193962,9.888464,14038.385,171.5685
124,60.196823,9.891714,14031.39,171.213
125,60.19395,9.898567,13959.142,174.95949
126,60.194294,9.902879,13955.657,175.2457
127,60.196148,9.902584,13937.769,177.13261
128,60.19528,9.906471,13877.824,181.06949
129,60.194225,9.908733,13860.318,179.43333
130,60.193546,9.912703,13797.348,181.5866
131,60.19124,9.919643,13771.647,182.62335
132,60.190395,9.9267025,13734.932,184.49371
133,60.192234,9.929616,13681.169,186.77269
134,60.1901,9.929707,13634.633,187.50592
135,60.189053,9.936166,13601.718,187.42796
136,60.19077,9.935294,13581.512,191.54468
137,60.187943,9.937911,13501.405,192.22366
138,60.189888,9.941194,13506.067,191.4244
139,60.191353,9.951252,13488.3125,193.76598
140,60.185596,9.955297,13444.361,196.07196
141,60.192677,9.960258,13390.3,198.70216
142,60.185925,9.963328,13338.048,197.7768
143,60.188095,9.962391,13290.592,201.67734
144,60.185894,9.9626045,13320.843,201.60379
145,60.18478,9.965822,13248.704,203.22784
146,60.18616,9.968584,13202.386,205.18076
147,60.18832,9.97191,13195.872,205.44347
148,60.181015,9.9826145,13163.037,208.11862
149,60.18413,9.985684,13094.389,210.11987
150,60.18194,9.988848,13058.564,210.72641
151,60.18091,9.985465,13009.531,213.874
152,60.17727,9.995961,12947.303,212.99893
153,60.176094,9.997813,12943.781,213.87689
154,60.177647,10.001558,12883.975,216.63959
155,60.177536,10.001637,12874.592,218.0788
156,60.17656,10.007911,12807.444,220.07536
157,60.17219,10.009135,12788.933,220.21277
158,60.173813,10.01323,12741.988,222.55992
159,60.171146,10.012638,12720.978,226.07753
160,60.172855,10.020685,12594.871,225.38728
161,60.170303,10.024578,12609.32,226.53914
162,60.167164,10.030508,12554.45,227.06557
163,60.16295,10.032606,12485.4,229.46063
164,60.167744,10.033805,12473.194,230.18968
165,60.162724,10.034908,12420.513,230.7043
166,60.164734,10.0377445,12408.564,233.91844
167,60.161716,10.042913,12360.206,237.80444
168,60.1643,10.041613,12309.421,236.3459
169,60.164974,10.050806,12291.385,239.1639
170,60.15911,10.054114,12243.318,239.26558
171,60.15748,10.060329,12146.036,241.36783
172,60.15808,10.058277,12147.6,242.63103
173,60.15904,10.061794,12097.08,243.46582
174,60.157192,10.068605,12057.987,244.29445
175,60.159954,10.073365,12012.307,244.2362
176,60.157913,10.075166,11999.046,247.68243
177,60.155937,10.081492,11972.375,250.06454
178,60.156513,10.07701,11899.347,251.86436
179,60.156773,10.085637,11920.17,252.57559
180,60.154205,10.091605,11812.672,253.63264
181,60.154427,10.091494,11776.261,254.68407
182,60.151905,10.098261,11718.151,256.59708
183,60.151672,10.102439,11692.797,255.23918
184,60.147396,10.104093,11684.158,257.3682
185,60.147392,10.104867,11641.178,262.63242
186,60.15046,10.1050415,11606.496,264.37106
187,60.151257,10.113138,11622.133,264.87933
188,60.146484,10.116038,11499.991,265.35812
189,60.14669,10.119029,11514.246,267.11423
190,60.145386,10.128794,11455.194,267.3928
191,60.141758,10.129344,11369.508,267.70142
192,60.141445,10.129355,11377.477,267.71793
193,60.14086,10.132383,11338.531,272.2803
194,60.141266,10.132431,11312.523,274.13043
195,60.140545,10.14243,11291.44,274.01855
196,60.13812,10.14718,11223.079,277.0825
197,60.134453,10.148865,11199.425,278.7629
198,60.137325,10.15638,11190.256,278.3447
199,60.13431,10.15667,11119.556,281.81516
200,60.132313,10.159958,11117.966,281.047
201,60.132694,10.164403,11037.892,284.17426
202,60.132492,10.165807,11036.801,286.00308
203,60.130726,10.169595,10992.66,285.31433
204,60.128815,10.177648,10963.999,287.7605
205,60.12656,10.17695,10935.951,291.4359
206,60.12944,10.18596,10902.73,290.15704
207,60.124474,10.184811,10865.227,293.6631
208,60.12369,10.188037,10849.231,293.63293
209,60.123875,10.1930275,10800.985,295.6464
210,60.12232,10.19585,10785.859,297.84793
211,60.119892,10.195903,10756.927,296.13306
212,60.11955,10.202849,10753.069,300.4443
213,60.116386,10.205087,10711.402,301.95184
214,60.117542,10.210437,10685.159,303.48215
215,60.11357,10.211438,10659.98,306.3683
216,60.11401,10.213294,10629.56,308.7944
217,60.1114,10.221203,10602.309,308.27017
218,60.108044,10.221784,10552.8,307.80057
219,60.108223,10.224201,10555.851,312.71448
220,60.109894,10.225831,10524.312,313.8906
221,60.10418,10.230324,10512.175,312.8054
222,60.102882,10.2371235,10465.977,316.22144
223,60.102135,10.238667,10460.867,319.91418
224,60.10062,10.243328,10419.907,319.22983
225,60.098316,10.249748,10378.176,320.53186
226,60.0952,10.250308,10340.716,320.1783
227,60.093098,10.252107,10295.764,325.6511
228,60.093307,10.254304,10279.557,325.94003
229,60.090694,10.258605,10269.581,325.10562
230,60.089104,10.261179,10216.775,327.91995
231,60.088993,10.265209,10221.062,328.72614
232,60.08789,10.271451,10173.431,329.14563
233,60.086422,10.27233,10147.4,333.22055
234,60.083492,10.275179,10117.491,332.19635
235,60.08275,10.275289,10085.541,335.26276
236,60.079784,10.277699,10043.672,336.3264
237,60.080612,10.279148,10025.555,337.81808
238,60.077118,10.28115,10007.736,339.86435
239,60.07658,10.28655,9991.916,338.50406
240,60.075874,10.292944,9958.147,341.04056
241,60.075573,10.292294,9921.912,346.12704
242,60.074635,10.295286,9888.557,343.75372
243,60.072273,10.298579,9844.452,344.5214
244,60.069653,10.3021555,9851.577,346.78043
245,60.0708,10.300845,9788.147,352.44385
246,60.067352,10.301595,9776.808,349.80887
247,60.066963,10.305113,9751.271,348.98346
248,60.064114,10.312441,9722.748,349.0261
249,60.066166,10.309333,9710.742,353.7813
250,60.064293,10.312775,9702.844,357.59058
251,60.062477,10.315387,9644.05,356.87003
252,60.05952,10.317071,9605.718,360.2508
253,60.06318,10.318417,9595.29,362.9402
254,60.05623,10.319146,9585.832,360.8785
255,60.060047,10.323237,9604.947,359.7895
256,60.05533,10.330026,9568.83,361.49313
257,60.05406,10.327809,9530.742,361.0004
258,60.056736,10.331587,9526.877,366.3708
259,60.05617,10.331206,9502.539,372.5252
260,60.052635,10.3346195,9456.527,372.1919
261,60.058346,10.335557,9450.819,369.43173
262,60.05082,10.336374,9434.19,370.4499
263,60.05411,10.338294,9427.352,372.1976
264,60.049828,10.341798,9373.934,369.7666
265,60.051067,10.343852,9364.335,369.2742
266,60.05061,10.342948,9370.629,377.06995
267,60.050167,10.3460865,9376.666,379.3997
268,60.047882,10.347324,9309.537,380.6253
269,60.049053,10.354334,9327.781,377.96082
270,60.04966,10.356236,9285.596,381.50558
271,60.046093,10.350268,9267.182,385.06088
272,60.05044,10.351138,9219.745,382.10632
273,60.047337,10.359772,9266.454,385.62457
274,60.046448,10.356307,9238.614,387.32126
275,60.04702,10.359458,9210.999,387.80115
276,60.048588,10.357289,9251.558,388.4523
277,60.04226,10.367941,9203.8,389.38058
278,60.04897,10.366957,9218.197,394.33395
279,60.041073,10.370238,9116.53,395.54697
280,60.04589,10.363661,9155.994,396.6756
281,60.041916,10.372063,9130.778,398.01233
282,60.04056,10.373156,9103.012,399.06674
283,60.043358,10.376351,9074.401,396.91742
284,60.04402,10.377321,9127.316,399.08127
285,60.036324,10.381304,9029.146,400.63306
286,60.043465,10.3806505,9037.299,406.02606
287,60.03698,10.384334,9005.965,405.97562
288,60.038315,10.38453,9018.345,411.88678
289,60.036774,10.388801,8940.343,407.13742
290,60.03469,10.392664,8901.856,410.80994
291,60.036655,10.395205,8909.88,408.08838
292,60.034267,10.397411,8884.966,413.1241
293,60.033604,10.396099,8858.849,414.404
294,60.032745,10.399618,8847.756,412.2023
295,60.032825,10.40349,8826.384,417.00995
296,60.03114,10.408618,8809.041,421.59885
297,60.02998,10.407217,8744.313,420.2162
298,60.030064,10.413738,8713.893,420.54718
299,60.028816,10.418165,8710.316,422.0396
300,60.02578,10.42111,8630.267,424.16003
301,60.028316,10.418996,8658.659,425.8816
302,60.02755,10.424033,8595.473,424.9712
303,60.02624,10.426342,8598.953,427.23148
304,60.02698,10.432929,8544.206,428.09598
305,60.02698,10.433755,8520.8,431.6289
306,60.024563,10.439764,8480.935,431.61038
307,60.024555,10.440584,8477.753,433.7174
308,60.02166,10.44614,8407.272,436.91278
309,60.022785,10.44282,8408.343,437.40088
310,60.022617,10.450432,8364.86,435.9087
311,60.02201,10.449978,8328.783,439.85333
312,60.02035,10.457465,8295.62,441.18765
313,60.019993,10.459496,8257.886,443.98782
314,60.01883,10.463619,8225.6045,444.98608
315,60.017365,10.466657,8177.575,445.52316
316,60.01822,10.470015,8158.8633,446.443
317,60.017403,10.471768,8132.458,449.34076
318,60.01661,10.476006,8080.405,447.8845
319,60.01443,10.478494,8035.2266,450.18784
320,60.015156,10.483402,8011.4443,453.06848
321,60.0157,10.488341,7951.7334,456.38815
322,60.013348,10.494034,7939.7466,455.17462
323,60.01256,10.498217,7883.5513,453.76468
324,60.01327,10.498251,7855.1357,460.30862
325,60.01286,10.501777,7827.345,464.02872
326,60.011166,10.507365,7781.0337,459.03732
327,60.010685,10.509023,7725.2275,461.2599
328,60.010914,10.514287,7716.0503,465.03143
329,60.011433,10.518812,7656.8003,467.42615
330,60.010193,10.522478,7611.373,464.77423
331,60.007458,10.525938,7580.586,469.31592
332,60.008965,10.527946,7534.565,468.92822
333,60.00932,10.534743,7525.697,471.0181
334,60.007458,10.535998,7459.7227,473.37698
335,60.007095,10.539463,7446.773,475.22522
336,60.00751,10.542608,7398.0127,475.52417
337,60.008163,10.55072,7362.004,470.87042
338,60.007774,10.549319,7315.85,470.49686
339,60.00738,10.555841,7309.858,468.34387
340,60.007874,10.555272,7244.1206,465.65384
341,60.006767,10.563568,7252.326,471.1093
342,60.00677,10.564001,7182.3364,474.28012
343,60.006824,10.568972,7166.406,476.85822
344,60.00613,10.571198,7103.9375,470.39297
345,60.005657,10.575929,7086.429,471.34055
346,60.005672,10.575212,7046.0796,476.29575
347,60.00553,10.582011,7018.811,478.4419
348,60.006016,10.582259,6971.4224,476.30826
349,60.00501,10.588189,6955.266,475.53162
350,60.004444,10.592516,6921.2793,484.8111
351,60.004505,10.593058,6896.5933,485.5929
352,60.003807,10.598044,6849.2188,485.1646
353,60.003647,10.597609,6819.6323,482.32452
354,60.003437,10.601379,6787.6016,487.07303
355,60.0039,10.606103,6778.3394,489.98132
356,60.00359,10.609059,6746.575,491.53046
357,60.00202,10.612199,6705.1763,490.97787
358,60.002975,10.616203,6661.464,494.9379
359,60.001835,10.617048,6642.0,493.97742
360,60.00304,10.622002,6605.806,496.57535
361,60.000862,10.622731,6618.985,502.08472
362,60.001556,10.624165,6606.919,500.75665
363,60.000244,10.629912,6518.511,498.67944
364,60.001007,10.630784,6510.546,503.6067
365,60.00128,10.635069,6552.71,511.46542
366,59.99981,10.6399555,6448.0044,501.13773
367,60.000015,10.644116,6437.4004,501.3599
368,60.000835,10.644778,6430.2026,508.38092
369,60.001324,10.647884,6402.1284,510.2754
370,60.000977,10.649121,6391.921,511.07904
371,60.000805,10.655895,6348.1304,513.3354
372,59.99987,10.656984,6348.0493,513.32166
373,60.000523,10.658468,6284.758,516.2955
374,59.998333,10.664109,6341.397,519.99
375,60.000233,10.665648,6246.2056,518.72125
376,59.998928,10.668599,6239.2847,518.48596
377,60.000114,10.671177,6255.6187,519.4604
378,59.999657,10.674012,6219.6865,521.9724
379,60.00052,10.6772995,6194.2637,524.53107
380,60.000076,10.67832,6169.0405,522.6904
381,59.999504,10.681415,6154.4673,524.90625
382,59.99922,10.685679,6155.7056,525.47345
383,59.99985,10.686973,6125.879,529.1214
384,59.998833,10.6896715,6102.2773,529.1619
385,59.998493,10.692427,6081.1963,531.0121
386,59.999435,10.698209,6059.147,533.9363
387,59.99974,10.696975,6049.9946,533.7123
388,59.99823,10.700302,6019.1265,535.63995
389,59.998257,10.705914,6022.3877,535.87244
390,59.998928,10.70873,5980.2007,539.7342
391,59.99897,10.709692,5984.201,539.5399
392,59.99896,10.713613,5948.9194,539.57745
393,59.997677,10.717903,5950.091,543.9433
394,59.998962,10.719941,5935.329,543.74506
395,59.997944,10.721043,5899.687,546.83435
396,59.999065,10.725709,5899.391,540.4629
397,59.9978,10.728842,5874.0186,548.0885
398,59.99756,10.731129,5866.3574,551.5631
399,59.997612,10.734553,5844.0005,551.1877
400,59.997303,10.738854,5852.6772,554.7497
401,59.997406,10.741937,5835.378,553.839
402,59.99757,10.744698,5802.178,554.89874
403,59.997055,10.74865,5776.1924,561.593
404,59.996952,10.748669,5791.147,556.64343
405,59.997707,10.754304,5747.4414,560.24677
406,59.998386,10.756332,5759.044,560.78503
407,59.997375,10.760585,5753.1978,561.2956
408,59.99693,10.762575,5747.402,567.7664
409,59.998127,10.766201,5724.25,564.3991
410,59.998325,10.770164,5711.403,565.28436
411,59.997284,10.771346,5701.138,567.52344
412,59.997105,10.77491,5699.3105,572.62317
413,59.997345,10.777115,5654.758,568.08594
414,59.995914,10.785948,5672.269,579.9262
415,59.997177,10.785057,5658.0444,571.3999
416,59.99671,10.787164,5642.236,576.78937
417,59.998474,10.788538,5635.1514,574.56396
418,59.99681,10.796553,5593.1,588.0353
419,59.99707,10.79435,5608.809,580.39435
420,59.99793,10.798887,5586.2314,581.26373
421,59.997932,10.803432,5576.8525,584.03357
422,59.99762,10.807708,5556.211,583.4416
423,59.99815,10.808356,5524.6396,584.43604
424,59.99708,10.813601,5504.523,586.03687
425,59.99793,10.81506,5497.623,589.6374
426,59.997383,10.819403,5478.6387,590.53265
427,59.998055,10.821212,5478.4526,588.77014
428,59.998196,10.826852,5437.584,591.5508
429,59.999302,10.830571,5441.224,589.20807
430,59.99615,10.831207,5409.2383,598.2057
431,59.997864,10.834535,5371.64,593.07196
432,59.99791,10.83903,5367.2563,594.7084
433,59.99852,10.840444,5356.5195,603.1942
434,59.997482,10.842304,5350.261,598.3369
435,59.996376,10.850468,5282.03,613.7526
436,59.998234,10.849376,5302.8286,598.1531
437,59.998898,10.853979,5277.854,606.8492
438,59.99841,10.855247,5241.9287,608.6778
439,59.998417,10.859691,5219.6606,607.28625
440,59.99908,10.863797,5205.481,607.3237
441,59.998272,10.866882,5163.9414,615.1772
442,59.99733,10.86825,5156.428,611.1629
443,59.99863,10.876152,5109.453,620.7336
444,59.998943,10.875141,5121.3867,612.78906
445,60.0003,10.881203,5080.507,614.30206
446,59.99952,10.883378,5065.733,616.95264
447,59.99978,10.886499,5044.1733,618.6315
448,60.000477,10.889112,5020.1987,618.78204
449,59.99984,10.891656,4995.279,622.10297
450,59.999847,10.894024,4985.558,623.6496
451,59.99907,10.896814,4956.113,620.799
452,60.001053,10.902862,4919.452,635.7501
453,59.999474,10.904053,4913.6167,621.8275
454,60.00092,10.906191,4889.732,626.7198
455,60.00123,10.91105,4865.676,631.1951
456,60.001244,10.914826,4839.2515,631.69604
457,60.001225,10.916682,4814.7886,634.49896
458,60.001205,10.919676,4790.311,634.70026
459,60.0017,10.922945,4755.1035,640.0345
460,60.001595,10.927734,4749.4106,636.3323
461,60.00326,10.928927,4729.0454,639.3974
462,60.00193,10.931338,4699.6226,641.12134
463,60.002625,10.934013,4687.263,647.8606
464,60.00355,10.935658,4655.8755,643.9721
465,60.003387,10.938511,4635.8994,643.7105
466,60.003056,10.942022,4624.6655,644.108
467,60.004776,10.943721,4611.0776,651.39465
468,60.004913,10.946333,4585.46,650.7212
469,60.005543,10.949008,4558.496,648.7219
470,60.004795,10.952565,4529.2,652.4866
471,60.005333,10.954246,4504.8135,655.49475
472,60.006355,10.957173,4497.3936,655.83295
473,60.00689,10.958845,4477.287,654.60406
474,60.007442,10.9624,4457.4824,659.8886
475,60.007362,10.963748,4440.872,662.0169
476,60.00772,10.965939,4417.056,661.11566
477,60.008224,10.968195,4421.9565,665.6622
478,60.00784,10.970105,4381.9927,662.9607
479,60.009346,10.971857,4388.622,667.8771
480,60.00969,10.973033,4355.197,665.29443
481,60.01096,10.975993,4347.468,675.7567
482,60.00938,10.97789,4323.728,670.2661
483,60.010956,10.979986,4321.537,668.55817
484,60.01076,10.982205,4296.1724,671.79834
485,60.0123,10.9842205,4275.4985,678.57916
486,60.013416,10.985538,4270.7617,680.31757
487,60.013412,10.986525,4228.4424,675.11945
488,60.014835,10.989318,4225.1685,679.0076
489,60.014854,10.991086,4227.5273,681.72925
490,60.01676,10.993745,4196.751,681.62994
491,60.015903,10.993211,4188.0,680.24207
492,60.01667,10.994868,4164.9033,682.13275
493,60.01719,10.9978285,4165.5493,694.3588
494,60.01862,10.997939,4137.596,691.7417
495,60.021523,11.000163,4131.3945,686.73926
496,60.019924,11.002925,4109.4946,689.5395
497,60.021263,11.002953,4098.553,688.3875
498,60.022038,11.005699,4093.1587,693.8241
499,60.023293,11.005511,4081.9932,700.2174
500,60.025368,11.005252,4065.981,696.9941
501,60.02538,11.006597,4062.2932,696.3154
502,60.026447,11.00574,4034.412,704.28845
503,60.02516,11.009143,4002.1492,700.32367
504,60.027363,11.009969,4012.582,705.87085
505,60.0273,11.011649,3977.7354,702.61945
506,60.028957,11.011961,3992.0156,707.7582
507,60.029846,11.013264,3963.0647,710.35175
508,60.031384,11.013849,3943.7502,707.6994
509,60.031277,11.015143,3941.5435,707.93
510,60.03301,11.014621,3914.0115,709.4336
511,60.03239,11.017005,3894.544,713.4271
512,60.03454,11.018537,3889.028,717.19495
513,60.034763,11.01857,3853.766,719.38434
514,60.035973,11.020309,3834.8984,723.71954
515,60.037777,11.021042,3811.2195,721.6962
516,60.03811,11.023021,3778.987,727.72534
517,60.039867,11.023227,3764.1091,720.66675
518,60.040302,11.023928,3735.3687,724.74036
519,60.040726,11.025455,3711.3245,726.5022
520,60.04181,11.026082,3703.582,726.6945
521,60.043434,11.026678,3691.3562,736.55585
522,60.04338,11.02848,3658.9963,729.4872
523,60.046207,11.029837,3643.591,733.043
524,60.047405,11.029807,3616.4177,735.01324
525,60.046673,11.031148,3590.305,737.28796
526,60.047916,11.032526,3578.6545,742.8202
527,60.050476,11.033685,3551.9211,736.6911
528,60.050964,11.034726,3535.1824,743.3846
529,60.05149,11.034677,3512.0515,741.78033
530,60.05177,11.037715,3475.4424,747.0102
531,60.053665,11.03713,3471.4983,745.0312
532,60.05461,11.037966,3408.7996,752.3173
533,60.05529,11.039846,3391.3232,743.2895
534,60.05589,11.04071,3387.6624,753.64874
535,60.05718,11.039849,3341.0046,752.66876
536,60.058323,11.042406,3337.413,753.65875
537,60.058807,11.042312,3311.3748,752.85205
538,60.05996,11.044741,3281.413,756.1201
539,60.06107,11.043747,3279.0027,759.085
540,60.06177,11.044721,3234.9087,755.9857
541,60.06235,11.046266,3215.9019,759.83496
542,60.062843,11.045929,3210.441,763.7732
543,60.067146,11.044434,3156.9753,761.187
544,60.067577,11.045821,3123.8384,763.10065
545,60.067436,11.045987,3132.9946,767.2602
546,60.069473,11.046953,3095.706,764.0618
547,60.069736,11.047858,3081.1091,766.96344
548,60.069973,11.048193,3060.4985,765.23627
549,60.070595,11.04908,3035.6777,770.95734
550,60.07205,11.049763,3021.9807,774.03033
551,60.073353,11.049777,3004.6824,772.1654
552,60.07407,11.05198,2990.0903,773.9111
553,60.07496,11.051291,2966.081,779.7462
554,60.077152,11.052085,2925.0388,773.6302
555,60.077564,11.052463,2913.4426,774.71387
556,60.07803,11.053725,2897.4106,780.335
557,60.07902,11.053396,2863.7344,776.0592
558,60.0799,11.05477,2840.7966,780.85443
559,60.08056,11.055351,2815.7969,777.5193
560,60.081375,11.055661,2814.6067,786.2523
561,60.08205,11.055716,2783.4573,782.0605
562,60.082973,11.055829,2790.0178,784.9104
563,60.083965,11.05618,2759.2856,789.3975
564,60.084854,11.0568285,2738.0913,785.87775
565,60.086143,11.057294,2718.4966,787.51306
566,60.086346,11.057539,2704.634,786.88055
567,60.08695,11.058256,2711.6536,790.93787
568,60.087795,11.0587,2677.3774,793.4712
569,60.088898,11.05963,2665.0042,796.51685
570,60.089146,11.05956,2630.5415,796.23346
571,60.0903,11.0599575,2603.0024,799.3884
572,60.09101,11.060833,2597.161,797.0758
573,60.09283,11.061007,2558.9697,799.0914
574,60.093933,11.0611105,2524.1763,798.72687
575,60.09445,11.062075,2521.1877,801.48773
576,60.095688,11.062387,2504.0347,803.14844
577,60.09641,11.062895,2469.193,798.9935
578,60.097164,11.063664,2451.6292,805.09576
579,60.098297,11.063804,2446.7952,806.10986
580,60.099537,11.063972,2430.0972,808.4433
581,60.09996,11.064862,2396.828,806.98364
582,60.101364,11.064517,2401.4807,810.39813
583,60.10222,11.065533,2369.5208,812.422
584,60.10222,11.065872,2344.9956,812.08417
585,60.103703,11.066307,2337.5493,811.44775
586,60.10424,11.066697,2302.344,818.2702
587,60.105736,11.067536,2281.515,814.28845
588,60.10645,11.067398,2249.6257,815.02167
589,60.10701,11.068599,2232.612,815.7461
590,60.10814,11.068248,2224.7068,815.9676
591,60.109333,11.069353,2187.6384,823.93536
592,60.110077,11.069891,2157.4827,818.00916
593,60.11127,11.07003,2156.6587,825.7828
594,60.112087,11.070374,2132.13,822.019
595,60.11265,11.070762,2115.2612,820.4726
596,60.11394,11.070667,2075.7805,825.85315
597,60.11384,11.071519,2061.7878,824.32965
598,60.11448,11.071597,2049.5508,822.6485
599,60.115875,11.071923,2020.2915,829.3019
600,60.11757,11.073036,2013.6854,830.3451
601,60.1181,11.073351,1981.9642,828.03876
602,60.118298,11.0742655,1951.8046,832.1427
603,60.119457,11.075131,1913.28,833.1514
604,60.12079,11.075575,1903.6704,832.18207
605,60.121693,11.076765,1868.4537,833.76996
606,60.12266,11.076888,1868.4829,837.41754
607,60.12328,11.077956,1824.6952,837.35236
608,60.124054,11.07827,1805.1095,836.1553
609,60.124832,11.078907,1796.9551,839.4428
610,60.12561,11.079451,1754.8698,838.7019
611,60.126217,11.0800495,1758.8379,838.6907
612,60.127876,11.080462,1723.828,840.7761
613,60.128403,11.081239,1689.1826,847.1827
614,60.129715,11.081419,1687.1652,841.1111
615,60.131035,11.082203,1640.1815,850.4439
616,60.13181,11.082146,1630.9689,849.23395
617,60.13257,11.082733,1617.0961,845.637
618,60.13356,11.0832615,1600.9573,851.3386
619,60.133526,11.08373,1586.3792,849.9507
620,60.134655,11.084413,1590.2975,855.76733
621,60.13562,11.082829,1531.4495,845.51294
622,60.136677,11.084122,1519.3744,853.9894
623,60.136745,11.084446,1524.0525,848.05524
624,60.13743,11.084834,1523.7709,860.66486
625,60.13866,11.085763,1487.009,859.89166
626,60.13889,11.085859,1468.6196,863.48474
627,60.140186,11.085943,1438.2432,865.3925
628,60.1406,11.086793,1424.5538,868.03033
629,60.140312,11.086995,1407.7206,864.8429
630,60.141567,11.087273,1381.2334,869.6923
631,60.14168,11.087671,1383.6267,873.14294
632,60.14257,11.088139,1345.7454,868.40137
633,60.14294,11.088965,1340.0583,872.4659
634,60.143814,11.088553,1311.7089,872.31213
635,60.144394,11.0901575,1286.611,881.4661
636,60.144814,11.090587,1239.0409,880.6442
637,60.145557,11.09089,1221.2294,880.4674
638,60.14604,11.09102,1203.8154,883.73755
639,60.147366,11.091831,1179.1969,890.06384
640,60.148193,11.092538,1169.0834,883.31903
641,60.149113,11.09307,1156.1218,889.07605
642,60.150734,11.093435,1156.182,891.6441
643,60.151546,11.093967,1149.7803,896.3924
644,60.152733,11.0945425,1144.9196,897.9756
645,60.153416,11.0948,1129.1515,905.87726
646,60.15419,11.095291,1105.6072,904.85065
647,60.155518,11.095897,1103.6984,899.3655
648,60.15605,11.096411,1082.9653,912.6862
649,60.15724,11.096798,1075.4987,909.32086
650,60.15831,11.097245,1073.5688,911.9303
651,60.15945,11.097749,1071.475,912.9544
652,60.1601,11.098536,1049.5297,913.3344
653,60.161343,11.098981,1032.5845,921.7386
654,60.16225,11.099319,1007.2846,917.1871
655,60.16293,11.099874,987.2757,922.4041
656,60.163723,11.10038,971.239,926.2685
657,60.164467,11.100738,941.88385,924.5349
658,60.166058,11.10115,932.4911,929.60364
659,60.16409,11.102715,922.97235,927.67566
