,lat,lon,alt,time
0,59.543667,9.977822,16571.525,0.0
1,59.531693,9.985397,16342.548,1.076988
2,59.53642,9.9988785,16296.425,2.3858352
3,59.533524,9.997941,16265.152,3.7117696
4,59.538837,10.001605,16236.336,5.0492926
5,59.536434,10.003883,16165.722,6.260678
6,59.5362,10.004818,16149.603,7.464672
7,59.537415,10.006881,16108.724,8.687014
8,59.53567,10.008894,16095.353,9.852207
9,59.542152,10.011364,16018.4375,11.268438
10,59.54438,10.018136,16020.042,12.55365
11,59.54043,10.019597,15942.718,13.7424965
12,59.54682,10.022941,15905.517,15.09097
13,59.54338,10.028748,15865.522,16.207638
14,59.54472,10.030189,15800.709,17.459515
15,59.546307,10.029283,15797.159,18.601475
16,59.544678,10.035801,15716.166,19.98682
17,59.54945,10.036304,15673.959,21.29687
18,59.551037,10.043548,15663.838,22.414082
19,59.54984,10.044789,15578.763,23.800875
20,59.549393,10.046692,15552.893,25.145838
21,59.551586,10.05052,15543.18,26.182724
22,59.55279,10.052348,15460.667,27.525442
23,59.552563,10.057106,15444.86,28.676638
24,59.5548,10.060265,15385.032,29.854216
25,59.554935,10.062029,15342.83,31.251436
26,59.555157,10.064157,15309.062,32.290874
27,59.55868,10.066457,15265.262,33.8333
28,59.556175,10.070561,15221.052,34.784523
29,59.55774,10.072941,15180.483,36.23468
30,59.558575,10.075097,15150.307,37.74174
31,59.560097,10.078118,15090.144,38.83976
32,59.56224,10.083122,15049.97,39.82989
33,59.560524,10.088152,15013.225,41.15959
34,59.559315,10.087079,14920.113,42.617958
35,59.56205,10.093528,14931.8,44.06794
36,59.56234,10.095133,14874.18,44.551907
37,59.565857,10.094503,14817.941,46.27257
38,59.56553,10.096309,14824.484,47.814617
39,59.567463,10.10341,14734.523,48.668545
40,59.568913,10.10397,14713.937,49.95987
41,59.56761,10.107752,14659.3955,51.245384
42,59.56876,10.109176,14610.0205,52.63473
43,59.569656,10.11179,14592.481,54.191856
44,59.572155,10.113132,14542.515,54.963825
45,59.572407,10.118996,14501.759,56.738518
46,59.57245,10.12406,14461.581,57.56205
47,59.574455,10.126009,14421.175,58.775894
48,59.57461,10.12398,14375.72,60.825356
49,59.57663,10.128066,14341.203,61.40909
50,59.577385,10.12981,14299.1875,62.753284
51,59.577778,10.136227,14275.266,63.617805
52,59.57853,10.138569,14212.999,65.512314
53,59.581257,10.140711,14186.836,66.823784
54,59.58007,10.144588,14140.305,67.23447
55,59.582096,10.144705,14102.795,68.99154
56,59.58353,10.146336,14069.91,70.605095
57,59.584827,10.147284,14054.379,71.83847
58,59.5879,10.155407,14009.044,72.644455
59,59.588524,10.151832,13983.283,73.71361
60,59.587765,10.155699,13931.148,75.76799
61,59.589268,10.160658,13923.626,76.56968
62,59.589092,10.162705,13848.44,77.91722
63,59.591,10.164942,13840.183,79.17373
64,59.592518,10.165261,13796.066,80.58485
65,59.590637,10.170732,13751.742,81.92081
66,59.595078,10.173038,13743.943,82.406715
67,59.59556,10.176144,13711.487,84.6467
68,59.59407,10.179289,13643.26,85.19993
69,59.596653,10.17817,13645.693,87.14645
70,59.599575,10.180612,13593.266,87.75103
71,59.598495,10.183266,13564.496,89.643456
72,59.59966,10.19215,13520.634,91.2545
73,59.60275,10.193701,13483.691,92.1834
74,59.60152,10.192746,13502.009,91.255325
75,59.60185,10.19149,13472.512,93.243
76,59.60426,10.195847,13433.835,95.06803
77,59.60627,10.196676,13380.249,95.55547
78,59.607445,10.199814,13359.405,97.816574
79,59.606335,10.2003355,13336.278,98.47976
80,59.607025,10.207074,13339.802,100.598656
81,59.61192,10.214165,13256.899,100.29541
82,59.611206,10.208999,13225.162,103.571236
83,59.608536,10.214595,13215.791,104.653885
84,59.612186,10.215491,13164.842,105.19626
85,59.613087,10.223258,13153.3125,106.130714
86,59.615604,10.222798,13102.353,106.9827
87,59.618774,10.226739,13073.343,108.81845
88,59.6184,10.227906,13056.438,109.28373
89,59.61847,10.231704,13037.246,111.85282
90,59.618694,10.235169,12997.297,111.78149
91,59.621586,10.234724,12958.046,112.89936
92,59.62222,10.237473,12935.316,116.216805
93,59.62176,10.240185,12897.76,115.168434
94,59.62372,10.243284,12897.443,118.40196
95,59.62682,10.246793,12860.067,118.33592
96,59.628033,10.24636,12827.224,120.371544
97,59.62984,10.2485895,12765.4795,122.26363
98,59.62798,10.249004,12785.613,123.11634
99,59.630924,10.257583,12717.339,125.968994
100,59.63634,10.25348,12700.406,124.22014
101,59.632645,10.255948,12688.254,127.38198
102,59.634346,10.261194,12658.105,127.90893
103,59.63468,10.263104,12654.819,128.1965
104,59.636227,10.269739,12598.525,130.85724
105,59.63918,10.267756,12560.605,130.34297
106,59.64014,10.268835,12525.549,134.73685
107,59.640736,10.268945,12475.139,133.83038
108,59.643795,10.2731,12457.286,135.54608
109,59.642437,10.277992,12453.206,135.80742
110,59.645554,10.279108,12408.426,137.50578
111,59.64629,10.280997,12375.705,139.23372
112,59.647022,10.280941,12365.373,140.02054
113,59.649616,10.28222,12346.949,142.80618
114,59.64965,10.284816,12301.927,143.70566
115,59.650238,10.289189,12275.368,145.15242
116,59.65331,10.292955,12232.951,144.55157
117,59.652817,10.292277,12245.405,147.97
118,59.653774,10.29275,12176.518,148.67886
119,59.655327,10.300179,12159.804,148.78813
120,59.65677,10.296863,12135.436,150.5441
121,59.6576,10.300797,12098.129,152.01784
122,59.660557,10.304035,12089.473,151.87187
123,59.662045,10.306496,12044.812,153.84178
124,59.659878,10.309087,12016.243,156.73326
125,59.663864,10.308379,11981.132,157.14561
126,59.663803,10.31143,11947.407,156.66002
127,59.667824,10.31524,11924.847,159.51561
128,59.66889,10.313822,11913.217,160.98792
129,59.670082,10.314337,11899.323,162.45438
130,59.669624,10.319261,11859.01,162.24294
131,59.671978,10.320147,11874.187,164.00267
132,59.67232,10.323894,11833.937,165.41028
133,59.67567,10.325505,11812.178,167.28297
134,59.675404,10.325546,11786.845,168.38698
135,59.676884,10.327485,11750.443,169.69122
136,59.678715,10.329761,11744.588,170.5463
137,59.679928,10.329859,11701.045,171.6187
138,59.68124,10.333635,11686.698,172.54942
139,59.6832,10.336175,11693.696,174.90851
140,59.68372,10.336507,11652.594,173.90108
141,59.685905,10.339246,11639.319,177.75444
142,59.687077,10.340256,11616.666,178.66408
143,59.68836,10.339935,11567.997,179.16315
144,59.689224,10.343136,11553.513,179.20892
145,59.691128,10.343217,11533.721,180.39798
146,59.69214,10.348514,11532.836,183.94385
147,59.69348,10.346261,11505.34,184.19182
148,59.69565,10.348484,11502.469,184.55975
149,59.69578,10.3531885,11476.828,185.89876
150,59.697197,10.355408,11440.625,188.36662
151,59.697567,10.355301,11440.808,189.15184
152,59.69958,10.3560705,11414.15,189.57959
153,59.70013,10.357843,11403.133,191.85374
154,59.702724,10.357974,11386.591,193.0305
155,59.702827,10.359661,11361.063,195.21033
156,59.705616,10.363486,11339.253,195.53165
157,59.705856,10.364718,11312.777,195.6159
158,59.70668,10.366939,11310.6455,197.70375
159,59.7089,10.368984,11293.335,198.7651
160,59.710117,10.371806,11232.6045,201.21416
161,59.71103,10.374594,11245.283,200.61623
162,59.712215,10.377764,11221.579,203.8975
163,59.712196,10.378554,11188.092,203.80968
164,59.714104,10.380693,11190.628,205.07349
165,59.715683,10.381266,11147.852,206.28261
166,59.717415,10.381788,11153.542,207.2592
167,59.717846,10.383406,11137.568,209.00453
168,59.71951,10.386558,11108.369,210.79662
169,59.719986,10.388591,11096.267,211.44028
170,59.721817,10.38967,11084.209,212.83337
171,59.72224,10.391447,11044.635,214.91393
172,59.724213,10.393499,11029.3,215.35483
173,59.725864,10.396239,11001.543,216.39236
174,59.726784,10.39783,10999.602,218.22145
175,59.728954,10.3995905,10986.084,218.54024
176,59.72893,10.401948,10953.695,219.64673
177,59.72957,10.403757,10932.441,221.43687
178,59.731277,10.406607,10923.868,222.1019
179,59.732998,10.406841,10892.9375,224.7576
180,59.73422,10.408836,10886.505,225.62268
181,59.735497,10.410636,10852.174,226.46887
182,59.73694,10.411638,10806.089,227.63213
183,59.73781,10.414531,10801.367,229.18532
184,59.739296,10.417786,10779.551,230.66124
185,59.74122,10.417976,10760.293,231.74873
186,59.741013,10.419853,10717.925,233.29279
187,59.74353,10.422692,10695.189,232.74242
188,59.744698,10.423532,10667.19,235.64362
189,59.745922,10.424474,10649.074,236.60938
190,59.746964,10.428065,10628.321,238.5153
191,59.748596,10.429738,10595.867,239.82712
192,59.749535,10.430928,10580.295,240.26938
193,59.75029,10.433742,10535.231,242.5977
194,59.75256,10.436301,10513.394,242.51064
195,59.753395,10.43895,10465.871,243.93253
196,59.75448,10.438431,10462.82,246.09816
197,59.755863,10.4420805,10437.166,246.86966
198,59.757267,10.4429,10388.136,246.49327
199,59.758568,10.446092,10377.427,251.25581
200,59.75957,10.446771,10337.274,251.58095
201,59.761066,10.449183,10304.399,250.52098
202,59.763287,10.451083,10273.3,253.42622
203,59.76435,10.453291,10261.365,256.066
204,59.76583,10.453405,10216.104,258.0143
205,59.768345,10.457015,10196.312,254.77298
206,59.767296,10.461288,10156.231,260.32077
207,59.77021,10.462419,10170.349,260.13632
208,59.772026,10.461931,10100.989,261.5274
209,59.77237,10.46541,10084.727,262.49686
210,59.77438,10.466867,10041.513,261.43698
211,59.775646,10.469638,10036.419,267.327
212,59.776356,10.4711275,9954.147,266.36023
213,59.778355,10.474458,9939.498,266.79547
214,59.78036,10.476997,9889.35,268.33823
215,59.780018,10.478828,9857.615,270.55304
216,59.781948,10.480851,9831.033,269.82153
217,59.78338,10.484021,9792.537,272.7352
218,59.786118,10.485816,9768.744,275.87656
219,59.787384,10.48925,9734.68,274.4794
220,59.788372,10.491829,9702.82,273.97162
221,59.78865,10.4930935,9637.522,280.89954
222,59.791435,10.4957,9645.227,279.1068
223,59.79218,10.498363,9557.248,277.1765
224,59.79242,10.501174,9570.725,281.21802
225,59.794964,10.5006,9503.609,285.392
226,59.79592,10.504938,9484.639,287.01718
227,59.797306,10.506193,9442.696,280.48227
228,59.799114,10.511738,9421.048,286.66455
229,59.79924,10.513025,9388.174,290.08115
230,59.801884,10.516916,9355.731,290.40198
231,59.802235,10.516188,9294.522,288.72076
232,59.80348,10.520813,9289.3545,293.1169
233,59.805706,10.521583,9242.16,293.32086
234,59.807213,10.525442,9201.003,294.63647
235,59.807842,10.527019,9187.322,293.83603
236,59.809822,10.529518,9168.645,296.2264
237,59.810875,10.532183,9128.985,299.3923
238,59.811844,10.534028,9111.34,298.48172
239,59.813065,10.534699,9070.648,303.07263
240,59.814194,10.53909,9035.742,302.02878
241,59.815567,10.542394,8998.92,300.85684
242,59.815983,10.544632,8970.624,304.66257
243,59.81729,10.547527,8945.133,307.73102
244,59.818703,10.547442,8884.327,308.44672
245,59.82125,10.550583,8894.081,305.80698
246,59.820953,10.554365,8852.164,308.69482
247,59.82366,10.557746,8826.93,313.84445
248,59.824112,10.557697,8776.562,314.78723
249,59.825306,10.563163,8747.388,312.54816
250,59.82719,10.566093,8732.443,313.2161
251,59.827595,10.569222,8678.886,320.0372
252,59.82799,10.568896,8628.145,318.70337
253,59.831963,10.571317,8621.907,317.41278
254,59.830803,10.573106,8563.888,320.07028
255,59.833157,10.578708,8546.171,323.28827
256,59.83388,10.580849,8513.052,323.67896
257,59.835808,10.581535,8480.602,325.5533
258,59.837345,10.584157,8452.808,325.92096
259,59.837948,10.591335,8412.203,323.88663
260,59.838806,10.593434,8384.055,325.44357
261,59.841606,10.595263,8350.03,327.42322
262,59.84105,10.595301,8289.506,328.9248
263,59.843563,10.598949,8286.441,328.24854
264,59.844864,10.603993,8247.397,331.78687
265,59.846558,10.603952,8210.906,335.77768
266,59.847218,10.607166,8188.725,331.13135
267,59.847576,10.609043,8141.2583,332.59592
268,59.849255,10.612089,8135.4097,335.06598
269,59.849735,10.615891,8079.608,340.18588
270,59.852924,10.617315,8041.1265,338.3986
271,59.852238,10.619846,8015.6313,338.86703
272,59.85379,10.624009,7953.9673,341.60587
273,59.855667,10.625236,7960.1533,344.5744
274,59.85503,10.627347,7921.6816,343.1688
275,59.8566,10.628103,7860.562,343.25977
276,59.859627,10.630874,7871.9395,344.60397
277,59.858078,10.635609,7804.0176,348.6116
278,59.86208,10.638238,7779.1665,349.4693
279,59.86061,10.638212,7741.5063,348.55487
280,59.86281,10.639971,7697.055,350.59308
281,59.863483,10.64378,7690.6226,354.04272
282,59.86278,10.644262,7632.4346,354.0376
283,59.86651,10.643751,7605.224,351.40533
284,59.86883,10.650499,7633.048,353.44836
285,59.86602,10.653869,7545.712,356.60834
286,59.871464,10.656813,7529.895,360.19687
287,59.868896,10.658635,7469.108,359.85852
288,59.869385,10.658613,7432.189,361.91968
289,59.86939,10.660715,7438.9194,363.08914
290,59.869007,10.6593485,7376.2207,365.73904
291,59.873253,10.662688,7352.6816,363.9217
292,59.874737,10.668335,7351.5625,362.01193
293,59.872753,10.670789,7282.886,363.09265
294,59.87482,10.671757,7290.565,372.59924
295,59.876022,10.675796,7264.6025,374.13882
296,59.87564,10.675192,7213.7466,371.52548
297,59.87492,10.679432,7200.216,371.83713
298,59.87598,10.68196,7165.31,375.72525
299,59.87791,10.682073,7160.729,378.43405
300,59.877106,10.685028,7116.395,372.92905
301,59.87854,10.687507,7087.1934,373.0262
302,59.87706,10.689779,7085.842,378.82376
303,59.879128,10.692866,7065.1587,383.47272
304,59.878284,10.692578,7008.9844,385.85028
305,59.87933,10.693852,6977.222,381.1066
306,59.879402,10.6985,6967.5835,383.19644
307,59.878872,10.703907,6946.9434,385.42313
308,59.877598,10.706317,6878.421,388.0721
309,59.881573,10.706218,6891.825,389.18066
310,59.878773,10.709716,6858.7515,385.23083
311,59.880764,10.710625,6834.457,389.82263
312,59.88065,10.713119,6820.464,394.34573
313,59.881557,10.715703,6774.8296,394.67548
314,59.882732,10.717296,6781.595,391.0259
315,59.880093,10.723319,6729.0854,393.74884
316,59.87961,10.721501,6681.3916,399.60016
317,59.882393,10.724628,6712.24,403.7808
318,59.88189,10.727039,6653.3267,394.13385
319,59.88327,10.7286825,6629.944,398.60544
320,59.884254,10.73363,6636.2017,401.34415
321,59.884464,10.736559,6584.492,404.11273
322,59.884747,10.737578,6574.8726,403.68704
323,59.88452,10.739296,6532.299,406.58054
324,59.885708,10.741429,6520.845,406.3826
325,59.885914,10.744236,6502.1567,409.14465
326,59.887127,10.744959,6463.903,407.05942
327,59.886463,10.747808,6434.245,407.47733
328,59.887356,10.752673,6424.3755,407.81104
329,59.88767,10.754399,6399.81,410.29117
330,59.88831,10.755631,6373.142,414.4823
331,59.888172,10.757515,6355.017,415.19693
332,59.89006,10.760089,6314.549,413.48495
333,59.889057,10.76289,6313.5835,414.24048
334,59.890194,10.764481,6292.653,419.10184
335,59.890057,10.767025,6278.1685,420.99927
336,59.889835,10.769774,6233.97,419.05887
337,59.891064,10.771479,6242.5903,419.80786
338,59.89089,10.775651,6181.8735,423.49677
339,59.891865,10.778164,6186.841,422.45334
340,59.89273,10.781419,6150.21,421.72482
341,59.893223,10.782598,6182.842,422.92548
342,59.89396,10.786714,6117.6333,428.34845
343,59.893948,10.788545,6109.8887,428.3413
344,59.894783,10.78989,6083.785,428.42828
345,59.896267,10.792382,6062.7207,429.9405
346,59.896603,10.794434,6040.168,428.84897
347,59.896606,10.79823,6026.53,432.09808
348,59.897747,10.79751,6006.215,432.41455
349,59.898617,10.800887,5984.1514,434.58194
350,59.89882,10.804237,5964.331,436.374
351,59.899693,10.805689,5959.964,437.59174
352,59.900505,10.806862,5936.846,440.61023
353,59.901115,10.8096695,5905.7466,439.64706
354,59.9016,10.811544,5890.0283,439.619
355,59.903114,10.81393,5876.0356,443.2316
356,59.904205,10.815711,5864.5625,443.90228
357,59.90427,10.817924,5839.4937,445.90488
358,59.905266,10.819896,5821.919,446.5622
359,59.905804,10.8213,5794.143,448.17694
360,59.906586,10.821631,5766.8857,449.77557
361,59.90683,10.825083,5792.6963,450.1106
362,59.907772,10.826718,5786.473,449.43216
363,59.90923,10.8291235,5702.449,450.858
364,59.90941,10.829794,5714.05,456.58887
365,59.909233,10.830918,5760.2793,455.10373
366,59.911106,10.8343525,5681.286,456.3392
367,59.911186,10.835819,5680.5127,456.86346
368,59.912262,10.838493,5687.288,460.91647
369,59.91335,10.8394785,5646.569,459.28537
370,59.913498,10.842172,5640.812,461.0587
371,59.914757,10.843897,5637.6323,462.30618
372,59.915253,10.846788,5602.875,465.5199
373,59.915325,10.8471775,5576.18,466.0405
374,59.916092,10.850501,5619.3535,465.5185
375,59.916496,10.849603,5554.3647,468.98862
376,59.919395,10.853773,5543.7505,469.75098
377,59.918858,10.855522,5555.4307,467.30774
378,59.920605,10.857001,5520.058,471.5109
379,59.921417,10.85955,5515.6865,471.15292
380,59.92226,10.862175,5510.1426,473.2682
381,59.92155,10.8634405,5489.0786,474.018
382,59.923935,10.865799,5474.537,478.25726
383,59.923794,10.8665695,5467.141,477.52213
384,59.92561,10.869189,5445.926,475.43848
385,59.925262,10.872118,5433.042,476.55835
386,59.92676,10.872708,5429.482,482.31613
387,59.92806,10.874743,5414.859,481.3142
388,59.929012,10.877326,5398.7593,479.2949
389,59.92908,10.879832,5395.087,484.79297
390,59.930576,10.88225,5377.0015,486.48425
391,59.93142,10.8834915,5379.9336,486.0262
392,59.93126,10.88472,5345.444,485.5667
393,59.932594,10.88707,5345.2134,488.33728
394,59.933933,10.888548,5340.144,489.61966
395,59.9349,10.891955,5306.1724,491.4272
396,59.935493,10.89292,5313.1284,489.1111
397,59.935932,10.894975,5306.621,494.4965
398,59.934895,10.896662,5289.302,495.69415
399,59.93825,10.899714,5268.4365,493.9762
400,59.93759,10.900493,5258.595,497.66382
401,59.93913,10.902524,5255.572,498.96442
402,59.93973,10.905107,5235.916,500.00565
403,59.93946,10.905848,5219.8516,500.61923
404,59.941143,10.9084,5214.1714,504.59088
405,59.942184,10.90921,5195.791,502.91537
406,59.94187,10.912009,5189.196,502.1635
407,59.94325,10.915134,5172.8774,505.48788
408,59.944176,10.916746,5167.692,508.5246
409,59.94551,10.918685,5146.5815,507.46674
410,59.945194,10.920771,5138.1294,509.12494
411,59.945942,10.923936,5125.5835,509.09842
412,59.94737,10.924866,5107.835,514.79083
413,59.94769,10.927186,5076.6655,512.3755
414,59.946003,10.924667,5086.228,511.9119
415,59.9491,10.930238,5055.426,516.4955
416,59.949738,10.932513,5040.7944,516.5427
417,59.95154,10.934867,5034.163,517.25104
418,59.94922,10.933301,5029.7905,518.7263
419,59.951794,10.937659,5002.9834,517.4052
420,59.952816,10.938828,4981.871,521.68634
421,59.952682,10.941612,4971.9424,521.9487
422,59.954205,10.942551,4956.0684,523.8606
423,59.954563,10.94415,4937.3994,522.84686
424,59.955795,10.945795,4927.663,522.35767
425,59.956093,10.948383,4905.818,527.3605
426,59.956852,10.950048,4901.035,528.8146
427,59.957626,10.95154,4881.927,529.9728
428,59.958195,10.953256,4867.3657,531.59595
429,59.959354,10.955488,4847.615,532.27655
430,59.959553,10.955943,4824.0903,535.2448
431,59.95994,10.957403,4813.774,537.0326
432,59.9609,10.959217,4799.3784,532.4685
433,59.961926,10.961806,4774.7246,538.5055
434,59.962986,10.962464,4770.11,538.0022
435,59.960613,10.9591675,4754.4375,542.3775
436,59.964077,10.964304,4721.8584,540.316
437,59.964775,10.966012,4714.995,541.9659
438,59.965485,10.968079,4709.369,542.2059
439,59.96606,10.969504,4702.407,548.49725
440,59.966545,10.970985,4683.8813,547.48114
441,59.96724,10.970421,4661.4185,549.01215
442,59.967854,10.974709,4632.874,550.9591
443,59.96762,10.971682,4640.9307,553.80896
444,59.969425,10.976043,4615.481,554.2601
445,59.969566,10.976085,4604.8174,553.81525
446,59.97143,10.978139,4605.1313,553.7025
447,59.970592,10.979335,4594.8667,558.9927
448,59.972332,10.978949,4578.5503,564.5774
449,59.972904,10.980197,4568.121,563.8921
450,59.973446,10.982151,4553.9497,561.17114
451,59.97479,10.98263,4524.6895,563.7323
452,59.9749,10.981225,4530.0435,566.4266
453,59.975502,10.984205,4490.8853,568.8614
454,59.976925,10.98498,4499.533,567.802
455,59.977333,10.986425,4497.9097,567.921
456,59.978294,10.986756,4472.4766,571.71967
457,59.97868,10.98763,4461.34,574.42847
458,59.97965,10.988858,4440.21,576.15204
459,59.980457,10.989432,4442.5303,576.67523
460,59.980843,10.990846,4421.3774,577.92676
461,59.98091,10.990773,4410.405,580.3934
462,59.982517,10.991605,4401.3,587.1649
463,59.983246,10.99095,4390.3086,579.8143
464,59.984287,10.993054,4363.729,585.9591
465,59.985092,10.994552,4367.634,586.1593
466,59.986473,10.994864,4347.1377,589.114
467,59.98666,10.995419,4356.592,592.60364
468,59.988194,10.996956,4321.345,589.9758
469,59.989143,10.99791,4312.4663,595.8915
470,59.989346,10.996993,4297.539,596.5178
471,59.99107,10.998364,4273.754,595.9988
472,59.991447,11.000801,4256.0186,596.2097
473,59.992798,11.00182,4247.6934,598.16205
474,59.993797,11.001631,4227.957,603.48773
475,59.99432,11.002897,4209.419,603.7557
476,59.995487,11.002459,4198.355,607.2185
477,59.997314,11.004441,4200.108,603.7811
478,59.996788,11.003635,4173.161,607.5108
479,59.999283,11.005997,4158.428,611.84766
480,59.999687,11.007063,4143.554,606.148
481,60.000416,11.007762,4129.2065,609.9388
482,60.001446,11.009062,4098.8374,610.58514
483,60.002758,11.010642,4092.075,612.539
484,60.00401,11.011614,4073.2766,614.47894
485,60.006226,11.012074,4050.2214,612.27094
486,60.006546,11.013506,4037.541,616.3819
487,60.007317,11.014385,4001.3298,615.95294
488,60.008514,11.0170555,3994.786,616.9157
489,60.009563,11.016737,3966.8164,619.67725
490,60.0113,11.018932,3949.273,618.016
491,60.0126,11.019646,3922.0593,620.982
492,60.013527,11.0203285,3912.1936,620.9058
493,60.01456,11.021756,3880.2856,620.5446
494,60.01555,11.024718,3871.6985,624.50055
495,60.01721,11.0244875,3840.1682,626.8333
496,60.018295,11.025699,3837.7305,625.3254
497,60.019238,11.025007,3794.6611,626.7204
498,60.02024,11.027372,3785.2737,628.7307
499,60.02196,11.027598,3759.3818,631.2341
500,60.023094,11.027801,3744.5906,632.00757
501,60.02444,11.029258,3714.6003,634.0044
502,60.02521,11.030273,3696.2703,637.90216
503,60.025887,11.030114,3674.756,639.51465
504,60.02779,11.030492,3659.4,640.1813
505,60.028778,11.031053,3633.008,639.9174
506,60.03,11.032054,3612.365,641.9434
507,60.03105,11.033144,3591.066,643.01746
508,60.031902,11.033271,3574.5637,644.4035
509,60.032482,11.034663,3545.8416,646.70233
510,60.034332,11.035554,3537.4126,651.8147
511,60.03556,11.035479,3526.0117,649.25195
512,60.037018,11.035533,3494.4285,650.96967
513,60.038486,11.037305,3486.7424,654.7953
514,60.038895,11.0371685,3471.3752,653.15027
515,60.040543,11.039112,3460.3032,652.94196
516,60.042236,11.039417,3430.623,654.96234
517,60.043213,11.040107,3425.79,657.1286
518,60.04421,11.040523,3388.7856,660.6115
519,60.045536,11.041899,3380.1875,654.7068
520,60.046463,11.042493,3353.9739,658.2082
521,60.04737,11.043861,3343.8618,660.0015
522,60.048405,11.043789,3330.7605,660.8024
523,60.050236,11.045312,3315.6914,658.8333
524,60.051556,11.04463,3305.167,663.6963
525,60.05258,11.04641,3286.0469,664.395
526,60.0538,11.046684,3264.3584,665.8415
527,60.055466,11.048035,3246.9932,664.0923
528,60.056473,11.048827,3210.3196,666.1794
529,60.05718,11.048855,3202.4507,666.28375
530,60.05863,11.050464,3179.084,667.06085
531,60.05952,11.048436,3163.6392,665.13434
532,60.06077,11.049714,3149.2175,673.7307
533,60.061787,11.052103,3133.8088,669.3412
534,60.063274,11.052073,3123.029,674.60626
535,60.064846,11.051222,3089.178,672.74536
536,60.06497,11.053763,3082.2314,677.6346
537,60.066814,11.052968,3058.951,678.14685
538,60.067966,11.054507,3036.1636,676.14954
539,60.068974,11.053383,3003.9316,679.32733
540,60.07009,11.054648,3008.3376,680.4793
541,60.070637,11.055242,2969.992,684.58203
542,60.072315,11.05573,2956.6653,688.0416
543,60.07442,11.053585,2945.7622,668.1506
544,60.075096,11.054573,2897.225,672.6209
545,60.07686,11.055017,2889.6714,679.853
546,60.078777,11.055863,2879.3433,680.39026
547,60.08035,11.056487,2857.254,681.5565
548,60.07966,11.056676,2855.5552,680.28955
549,60.080555,11.056546,2812.231,681.39594
550,60.081688,11.057198,2804.21,679.1094
551,60.08357,11.057461,2787.795,683.924
552,60.085423,11.057032,2764.8572,689.55646
553,60.086723,11.058668,2759.921,688.3991
554,60.086803,11.058667,2754.593,693.76154
555,60.08792,11.060248,2702.1655,693.3189
556,60.088696,11.060457,2677.1902,693.14343
557,60.089695,11.060179,2661.755,690.94604
558,60.091946,11.061288,2642.841,690.4072
559,60.09149,11.0615425,2617.595,691.5422
560,60.093433,11.061147,2608.5078,699.5188
561,60.092533,11.062249,2582.189,698.31384
562,60.09294,11.06216,2587.6462,703.47156
563,60.09482,11.063556,2542.252,702.3079
564,60.095158,11.063775,2521.0212,704.1876
565,60.09616,11.063404,2531.7124,708.73096
566,60.09712,11.06407,2494.4294,700.4235
567,60.098274,11.064136,2482.9417,708.3613
568,60.098175,11.06434,2454.2644,706.237
569,60.09956,11.064538,2428.29,709.49554
570,60.09965,11.064669,2420.378,708.14667
571,60.100395,11.065797,2385.3877,707.891
572,60.10131,11.066938,2377.0361,713.90546
573,60.102165,11.066495,2357.4714,714.497
574,60.10314,11.066634,2321.8372,715.10345
575,60.104397,11.066567,2309.7751,715.8802
576,60.104874,11.067041,2288.1252,718.3296
577,60.105354,11.067717,2267.9685,717.5525
578,60.106308,11.067883,2258.2961,723.5885
579,60.10709,11.068169,2240.4111,721.7486
580,60.108307,11.068681,2217.9885,723.5972
581,60.109188,11.069149,2197.122,724.5337
582,60.109653,11.069457,2178.4985,727.1069
583,60.110523,11.069713,2164.236,726.4803
584,60.110653,11.07058,2130.7637,728.14935
585,60.111233,11.070679,2122.3047,728.4202
586,60.112617,11.071095,2107.626,732.0127
587,60.113205,11.070937,2096.5269,731.74805
588,60.113697,11.071435,2071.8623,731.3274
589,60.11456,11.072211,2045.4215,736.601
590,60.115273,11.0723915,2027.6682,740.68756
591,60.11604,11.0728035,2012.2157,740.3541
592,60.11702,11.07352,1982.0403,737.8401
593,60.11816,11.073693,1972.359,742.2181
594,60.118835,11.074346,1957.4844,740.4891
595,60.119602,11.075049,1936.3567,743.1303
596,60.12066,11.07494,1908.7599,739.594
597,60.121246,11.075781,1886.5753,745.5679
598,60.122032,11.075531,1869.2863,744.8405
599,60.12282,11.0762825,1860.5967,749.2745
600,60.12394,11.077132,1831.0216,750.13245
601,60.124813,11.077261,1823.0333,751.6404
602,60.12526,11.077645,1792.5605,752.6345
603,60.126305,11.07825,1772.2394,756.0875
604,60.12741,11.07881,1754.8184,758.4726
605,60.128166,11.079404,1733.4764,757.7044
606,60.12906,11.079713,1719.2726,758.1419
607,60.12998,11.08054,1687.8164,759.48737
608,60.13078,11.080844,1680.1666,767.2248
609,60.131443,11.081134,1661.851,769.25464
610,60.132023,11.081549,1637.7886,767.8508
611,60.133194,11.08162,1631.5924,771.269
612,60.133953,11.082033,1584.5557,771.1377
613,60.134754,11.082307,1560.9746,777.30634
614,60.13536,11.082683,1555.2113,774.4856
615,60.135998,11.083153,1527.8108,779.4978
616,60.136738,11.083303,1516.7828,777.2146
617,60.13719,11.083582,1500.9095,780.36755
618,60.13784,11.083965,1467.6804,787.9912
619,60.138332,11.083956,1463.8208,781.3948
620,60.139275,11.084222,1447.6328,792.8035
621,60.139736,11.0850525,1441.3302,765.5161
622,60.14077,11.085241,1423.5118,773.21356
623,60.14099,11.085452,1391.3706,781.0999
624,60.141735,11.085623,1382.8942,783.22095
625,60.142677,11.086175,1374.5878,783.2158
626,60.143612,11.086537,1344.3514,787.66644
627,60.14414,11.086842,1342.885,788.6987
628,60.144802,11.087444,1344.3489,788.3906
629,60.1451,11.088051,1310.5997,788.4225
630,60.14621,11.08847,1316.3236,791.35205
631,60.14673,11.089245,1296.4343,795.074
632,60.147587,11.089934,1300.8243,792.9869
633,60.148067,11.090597,1285.6971,792.61475
634,60.14886,11.090987,1272.1938,785.45825
635,60.15008,11.091366,1253.6449,814.6009
636,60.15027,11.091748,1255.4032,811.8552
637,60.151,11.092177,1235.6906,809.58295
638,60.15203,11.092548,1233.9973,811.69794
639,60.15265,11.093059,1209.2249,813.0168
640,60.1536,11.093587,1206.3691,811.64935
641,60.15451,11.094153,1199.8485,811.1797
642,60.15513,11.094498,1189.7025,809.3433
643,60.155907,11.094991,1196.6326,815.99176
644,60.15672,11.095238,1182.5518,815.5586
645,60.15754,11.095571,1159.7834,817.8705
646,60.158134,11.096027,1132.4532,811.6814
647,60.15903,11.096612,1111.5435,815.0477
648,60.16025,11.097082,1107.8278,821.0223
649,60.161205,11.0974655,1092.6311,820.833
650,60.161346,11.097835,1052.052,819.6671
651,60.162346,11.098273,1053.3835,818.939
652,60.16358,11.098832,1053.794,827.3719
653,60.164066,11.099005,1032.1733,826.18365
654,60.16479,11.09959,1016.74274,824.8838
655,60.16555,11.099833,1006.0383,822.0887
656,60.165886,11.100216,976.16437,830.0143
657,60.16703,11.100708,966.05206,824.45844
658,60.167618,11.101205,950.23096,825.95996
659,60.167946,11.101263,940.59973,831.899
